// General information: 
//  MT Manager version: 2022.2.0 
//  XDA version: 2022.2.0 build 7381 rev 124627 built on 2023-07-19
// Device information: 
//  DeviceId: 00B4D4A8
//  ProductCode: MTW2-3A7G6
//  Firmware Version: 4.6.0
//  Hardware Version: 2.0.0
// Device settings: 
//  Filter Profile: human(46.1)
//  Option Flags: Orientation Smoother Disabled, Position/Velocity Smoother Disabled, Continuous Zero Rotation Update Disabled, AHS Disabled, ICC Disabled
// Coordinate system: ENU
PacketCounter	SampleTimeFine	Year	Month	Day	Second	UTC_Nano	UTC_Year	UTC_Month	UTC_Day	UTC_Hour	UTC_Minute	UTC_Second	UTC_Valid	Acc_X	Acc_Y	Acc_Z	Mat[1][1]	Mat[2][1]	Mat[3][1]	Mat[1][2]	Mat[2][2]	Mat[3][2]	Mat[1][3]	Mat[2][3]	Mat[3][3]	Latitude	Longitude	Altitude	Vel_E	Vel_N	Vel_U
04221														-2.140987	9.818405	0.377631	0.992007	-0.074572	0.101786	0.079782	0.995651	-0.048107	-0.097756	0.055843	0.993642						
04222														-1.380707	9.832084	0.525767	0.991624	-0.073621	0.106122	0.078228	0.996136	-0.039916	-0.102773	0.047884	0.993552						
04223														-2.049510	9.720540	0.614324	0.992401	-0.063344	0.105491	0.066651	0.997380	-0.028121	-0.103433	0.034939	0.994023						
04224														-2.436508	9.804460	0.655435	0.993081	-0.059324	0.101345	0.061531	0.997928	-0.018786	-0.100020	0.024892	0.994674						
04225														-1.256913	9.702739	0.455533	0.993481	-0.059008	0.097534	0.060570	0.998078	-0.013120	-0.096572	0.018942	0.995146						
04226														-1.273882	9.634843	0.528088	0.994230	-0.052496	0.093544	0.053217	0.998569	-0.005229	-0.093135	0.010177	0.995601						
04227														-2.114941	9.794057	0.488823	0.994425	-0.058289	0.087876	0.058685	0.998275	-0.001933	-0.087611	0.007079	0.996130						
04228														-1.264165	9.705920	0.042098	0.993871	-0.074686	0.081506	0.075350	0.997144	-0.005098	-0.080893	0.011208	0.996660						
04229														-0.976637	9.833307	-0.424937	0.993189	-0.089482	0.074619	0.090504	0.995842	-0.010421	-0.073376	0.017103	0.997158						
04230														-1.123107	9.791291	-0.330853	0.993602	-0.092012	0.065488	0.092988	0.995595	-0.012001	-0.064096	0.018014	0.997781						
04231														-3.253492	9.943744	0.019925	0.994802	-0.089612	0.048353	0.090364	0.995816	-0.013593	-0.046933	0.017891	0.998738						
04232														-3.114703	9.903996	-0.218284	0.994744	-0.098586	0.027654	0.099299	0.994725	-0.025715	-0.024973	0.028326	0.999287						
04233														-1.519201	8.788651	-0.734827	0.993986	-0.108054	0.017805	0.108618	0.993481	-0.034592	-0.013951	0.036318	0.999243						
04234														-1.923169	9.180794	-0.409720	0.994476	-0.103476	0.017626	0.103968	0.994136	-0.029753	-0.014444	0.031421	0.999402						
04235														-3.737261	9.674378	-0.131136	0.994070	-0.106882	0.020029	0.107397	0.993858	-0.026679	-0.017055	0.028672	0.999443						
04236														-2.685099	9.667836	-0.120700	0.992405	-0.120988	0.022245	0.121595	0.992176	-0.028308	-0.018646	0.030798	0.999352						
04237														-1.670820	9.289851	0.348823	0.991996	-0.123929	0.024213	0.124468	0.991976	-0.022152	-0.021274	0.024988	0.999461						
04238														-2.365419	9.483856	0.705191	0.991973	-0.123756	0.025965	0.124116	0.992186	-0.012736	-0.024186	0.015856	0.999582						
04239														-1.720846	9.854258	0.468940	0.991844	-0.124324	0.028108	0.124573	0.992184	-0.007290	-0.026982	0.010732	0.999578						
04240														-1.610410	9.689090	0.051392	0.991841	-0.123702	0.030798	0.123934	0.992274	-0.005715	-0.029853	0.009485	0.999509						
04241														-1.355846	9.404630	-0.466875	0.991933	-0.122025	0.034338	0.122204	0.992500	-0.003160	-0.033694	0.007331	0.999405						
04242														-1.815796	9.575309	-0.154082	0.991865	-0.121390	0.038316	0.121386	0.992602	0.002422	-0.038326	0.002249	0.999263						
04243														-1.565353	9.657941	0.221403	0.991781	-0.120747	0.042313	0.120442	0.992673	0.009694	-0.043174	-0.004518	0.999057						
04244														-1.944300	9.547009	0.633868	0.992107	-0.117346	0.044195	0.116678	0.993017	0.017409	-0.045929	-0.012115	0.998871						
04245														-1.985432	9.880535	0.794312	0.991850	-0.119129	0.045197	0.118302	0.992765	0.020566	-0.047320	-0.015052	0.998766						
04246														-1.039206	9.751165	0.583964	0.991668	-0.119513	0.048074	0.118639	0.992723	0.020645	-0.050192	-0.014769	0.998630						
04247														-2.346236	9.394492	0.836677	0.992109	-0.114689	0.050664	0.113636	0.993251	0.023216	-0.052985	-0.017275	0.998446						
04248														-2.160135	9.413027	0.775393	0.991153	-0.121483	0.053452	0.120509	0.992488	0.021095	-0.055613	-0.014467	0.998348						
04249														-1.949887	9.409467	0.566832	0.990041	-0.127694	0.059267	0.126968	0.991780	0.015881	-0.060807	-0.008198	0.998116						
04250														-2.337514	9.549155	0.529053	0.990334	-0.123977	0.062193	0.123509	0.992279	0.011331	-0.063118	-0.003540	0.998000						
04251														-2.390516	9.637775	0.109696	0.990194	-0.125158	0.062063	0.125347	0.992113	0.000859	-0.061681	0.006928	0.998072						
04252														-1.867011	9.630737	-0.683262	0.988990	-0.133575	0.063695	0.134641	0.990813	-0.012736	-0.061409	0.021172	0.997888						
04253														-1.490922	9.416601	-0.929399	0.988924	-0.132045	0.067771	0.133690	0.990815	-0.020325	-0.064465	0.029161	0.997494						
04254														-2.740705	9.414087	-0.715415	0.989476	-0.127075	0.069196	0.128972	0.991366	-0.023652	-0.065593	0.032328	0.997323						
04255														-2.767686	9.610530	-0.776601	0.989067	-0.129968	0.069678	0.132346	0.990729	-0.030654	-0.065048	0.039540	0.997098						
04256														-1.958822	9.734688	-1.040566	0.988186	-0.136626	0.069445	0.139510	0.989471	-0.038518	-0.063451	0.047751	0.996842						
04257														-1.849786	9.613437	-1.096235	0.988281	-0.135999	0.069325	0.139088	0.989395	-0.041851	-0.062898	0.051003	0.996716						
04258														-2.051172	9.500884	-0.908643	0.988435	-0.134402	0.070236	0.137488	0.989650	-0.041100	-0.063985	0.050281	0.996683						
04259														-2.577778	9.505927	-0.368323	0.989031	-0.130045	0.070047	0.132845	0.990450	-0.036893	-0.064581	0.045793	0.996861						
04260														-1.739999	9.707096	-0.072150	0.988926	-0.131239	0.069293	0.133861	0.990395	-0.034637	-0.064081	0.043529	0.996995						
04261														-2.134691	9.588701	0.111907	0.989119	-0.130124	0.068644	0.132626	0.990609	-0.033233	-0.063675	0.041975	0.997088						
04262														-1.534542	9.566469	0.192659	0.988876	-0.132394	0.067796	0.134840	0.990323	-0.032843	-0.062792	0.041619	0.997158						
04263														-2.008105	9.779050	-0.029705	0.989261	-0.130032	0.066738	0.132503	0.990598	-0.034025	-0.061687	0.042502	0.997190						
04264														-1.488153	9.575744	-0.985997	0.989915	-0.126053	0.064647	0.128640	0.990981	-0.037540	-0.059332	0.045477	0.997202						
04265														-2.200513	9.565038	-1.307971	0.990843	-0.118780	0.064198	0.121124	0.992057	-0.033929	-0.059658	0.041394	0.997360						
04266														-2.004040	9.682633	-0.991321	0.990771	-0.120503	0.062069	0.122224	0.992195	-0.024717	-0.058606	0.032075	0.997766						
04267														-1.358309	9.696271	-0.213664	0.989297	-0.131581	0.063073	0.132646	0.991078	-0.012983	-0.060802	0.021210	0.997924						
04268														-1.460414	9.529050	0.611444	0.988164	-0.138001	0.066996	0.138280	0.990393	0.000483	-0.066419	0.008787	0.997753						
04269														-2.155843	9.489004	1.161704	0.987592	-0.141348	0.068427	0.140905	0.989959	0.011270	-0.069333	-0.001488	0.997592						
04270														-1.916688	9.553050	1.265789	0.987327	-0.143636	0.067490	0.142763	0.989600	0.017604	-0.069317	-0.007746	0.997565						
04271														-1.428697	9.696872	0.830133	0.985882	-0.153679	0.066479	0.152780	0.988088	0.018445	-0.068521	-0.008028	0.997617						
04272														-0.937639	9.800501	0.576695	0.985820	-0.153888	0.066909	0.152836	0.988037	0.020597	-0.069279	-0.010079	0.997546						
04273														-1.906003	9.702445	0.488712	0.986335	-0.150775	0.066414	0.149681	0.988507	0.021180	-0.068844	-0.010950	0.997567						
04274														-1.560141	9.688376	0.148818	0.986306	-0.150957	0.066431	0.149898	0.988485	0.020676	-0.068787	-0.010435	0.997577						
04275														-1.657510	9.899349	0.036743	0.987252	-0.143866	0.068088	0.142832	0.989548	0.019835	-0.070229	-0.009857	0.997482						
04276														-2.984894	9.778081	0.122769	0.988880	-0.132718	0.067097	0.132098	0.991143	0.013608	-0.068309	-0.004594	0.997654						
04277														-2.459524	9.635784	-0.162672	0.990187	-0.125555	0.061365	0.125639	0.992073	0.002505	-0.061193	0.005229	0.998112						
04278														-2.393905	9.283859	-0.567505	0.989933	-0.129736	0.056582	0.130369	0.991436	-0.007626	-0.055108	0.014926	0.998369						
04279														-0.921230	9.543077	-0.513182	0.989465	-0.133228	0.056647	0.134080	0.990904	-0.011493	-0.054600	0.018967	0.998328						
04280														-2.458792	9.628968	-0.342099	0.989851	-0.130498	0.056262	0.131376	0.991258	-0.012181	-0.054180	0.019449	0.998342						
04281														-1.995392	9.523603	-0.506653	0.989717	-0.132084	0.054906	0.133063	0.991001	-0.014563	-0.052489	0.021719	0.998385						
04282														-1.728040	9.446412	-0.636551	0.989790	-0.132054	0.053636	0.133062	0.990984	-0.015664	-0.051084	0.022641	0.998438						
04283														-1.346563	9.521140	-0.616113	0.990496	-0.126723	0.053460	0.127562	0.991751	-0.012557	-0.051428	0.019257	0.998491						
04284														-2.043937	9.455246	-0.419204	0.990745	-0.123660	0.055972	0.124229	0.992230	-0.006802	-0.054696	0.013693	0.998409						
04285														-1.908954	9.598247	-0.431386	0.990165	-0.126433	0.059896	0.126770	0.991930	-0.001854	-0.059178	0.009428	0.998203						
04286														-1.552215	9.714208	-0.213174	0.989396	-0.130640	0.063476	0.130799	0.991408	0.001657	-0.063147	0.006663	0.997982						
04287														-1.521016	9.614611	0.094351	0.989230	-0.130172	0.066929	0.130186	0.991481	0.004177	-0.066902	0.004581	0.997749						
04288														-1.854864	9.553328	0.023948	0.988727	-0.131644	0.071337	0.131628	0.991287	0.004951	-0.071367	0.004495	0.997440						
04289														-2.065504	9.679500	0.013012	0.987721	-0.136179	0.076563	0.136325	0.990659	0.003334	-0.076301	0.007144	0.997059						
04290														-2.092667	9.591216	-0.025709	0.986094	-0.145158	0.080921	0.145749	0.989321	-0.001414	-0.079852	0.013188	0.996719						
04291														-1.617286	9.552687	-0.083951	0.984652	-0.152806	0.084324	0.153815	0.988084	-0.005563	-0.082469	0.018448	0.996423						
04292														-2.011636	9.725862	-0.141334	0.983655	-0.157915	0.086523	0.159218	0.987208	-0.008328	-0.084101	0.021968	0.996215						
04293														-1.942884	9.732370	-0.008666	0.982718	-0.163739	0.086346	0.165372	0.986158	-0.012060	-0.083176	0.026131	0.996192						
04294														-2.080072	9.703020	0.014144	0.982429	-0.166324	0.084669	0.168221	0.985624	-0.015743	-0.080834	0.029710	0.996285						
04295														-1.914578	9.618449	-0.084239	0.981154	-0.175090	0.081736	0.177257	0.983961	-0.020005	-0.076923	0.034116	0.996453						
04296														-1.705448	9.534100	-0.141639	0.980778	-0.179084	0.077481	0.181124	0.983255	-0.020093	-0.072585	0.033741	0.996791						
04297														-1.829504	9.553004	-0.114605	0.980645	-0.181915	0.072408	0.183644	0.982829	-0.017930	-0.067903	0.030880	0.997214						
04298														-1.780692	9.530747	0.026499	0.980549	-0.183870	0.068665	0.185327	0.982556	-0.015426	-0.064630	0.027852	0.997521						
04299														-1.930612	9.710879	0.087178	0.979990	-0.187562	0.066635	0.188977	0.981858	-0.015552	-0.062509	0.027833	0.997656						
04300														-1.363185	9.588489	-0.042296	0.979599	-0.189927	0.065671	0.191507	0.981315	-0.018610	-0.060909	0.030807	0.997668						
04301														-1.423700	9.568142	-0.169342	0.978949	-0.193088	0.066151	0.194897	0.980576	-0.022024	-0.060614	0.034453	0.997567						
04302														-1.643785	9.627715	-0.151679	0.978294	-0.195904	0.067542	0.197913	0.979916	-0.024396	-0.061406	0.037234	0.997418						
04303														-1.821067	9.617880	-0.094095	0.976991	-0.201824	0.068959	0.203992	0.978629	-0.025928	-0.062253	0.039398	0.997282						
04304														-1.889035	9.669549	0.042611	0.975148	-0.210019	0.070562	0.212386	0.976790	-0.027824	-0.063081	0.042119	0.997119						
04305														-2.062743	9.593415	0.003774	0.973203	-0.218527	0.071560	0.221087	0.974794	-0.029956	-0.063210	0.044974	0.996986						
04306														-1.843263	9.663615	-0.029256	0.971781	-0.224503	0.072393	0.227169	0.973366	-0.030865	-0.063535	0.046439	0.996899						
04307														-1.888512	9.486619	0.033884	0.971465	-0.225654	0.073051	0.228266	0.973151	-0.029536	-0.064425	0.045368	0.996891						
04308														-2.113216	9.562943	0.421054	0.971110	-0.227209	0.072948	0.229641	0.972907	-0.026775	-0.064888	0.042753	0.996976						
04309														-1.701461	9.700382	0.525114	0.969961	-0.231676	0.074176	0.234114	0.971863	-0.025937	-0.066080	0.042524	0.996908						
04310														-1.975540	9.685034	0.394059	0.968720	-0.236289	0.075826	0.238944	0.970630	-0.027970	-0.066990	0.045214	0.996729						
04311														-1.793416	9.700301	0.149200	0.968311	-0.237982	0.075750	0.240813	0.970089	-0.030608	-0.066200	0.047879	0.996657						
04312														-1.931435	9.545972	0.022654	0.967756	-0.240407	0.075182	0.243409	0.969343	-0.033572	-0.064806	0.050789	0.996605						
04313														-1.583536	9.501098	0.060622	0.966693	-0.244466	0.075775	0.247579	0.968246	-0.034696	-0.064887	0.052301	0.996521						
04314														-1.597312	9.703412	0.157265	0.966346	-0.245491	0.076873	0.248676	0.967958	-0.034898	-0.065842	0.052840	0.996430						
04315														-1.886968	9.652368	0.104456	0.966190	-0.245934	0.077414	0.249187	0.967806	-0.035465	-0.066200	0.053557	0.996368						
04316														-1.846927	9.656479	0.053426	0.965947	-0.247023	0.076981	0.250322	0.967475	-0.036493	-0.065462	0.054520	0.996365						
04317														-1.581254	9.575028	-0.052789	0.965123	-0.250250	0.076888	0.253606	0.966585	-0.037372	-0.064966	0.055568	0.996339						
04318														-1.383627	9.502431	-0.054234	0.964541	-0.252095	0.078152	0.255451	0.966142	-0.036252	-0.066367	0.054930	0.996282						
04319														-1.587008	9.673287	0.063843	0.964718	-0.250963	0.079596	0.254215	0.966565	-0.033582	-0.068507	0.052632	0.996261						
04320														-1.754681	9.651465	-0.027297	0.964180	-0.252740	0.080492	0.255975	0.966133	-0.032616	-0.069523	0.052051	0.996221						
04321														-1.444534	9.513476	-0.170967	0.963252	-0.255595	0.082568	0.258835	0.965421	-0.031084	-0.071769	0.051313	0.996101						
04322														-1.402978	9.597298	-0.284979	0.962128	-0.258914	0.085278	0.262156	0.964586	-0.029117	-0.074719	0.050370	0.995932						
04323														-1.444605	9.657595	-0.288247	0.962246	-0.257775	0.087372	0.260825	0.965054	-0.025303	-0.077797	0.047137	0.995854						
04324														-1.873140	9.618784	-0.386959	0.961322	-0.261053	0.087817	0.263858	0.964315	-0.021805	-0.078991	0.044133	0.995898						
04325														-0.985720	9.592179	-0.546633	0.959613	-0.266873	0.089001	0.269458	0.962840	-0.018197	-0.080837	0.041444	0.995865						
04326														-1.267380	9.675098	-0.502506	0.958434	-0.270487	0.090778	0.272631	0.962045	-0.011875	-0.084120	0.036130	0.995800						
04327														-1.444491	9.727489	-0.237864	0.955195	-0.281135	0.092553	0.282789	0.959169	-0.004996	-0.087370	0.030945	0.995695						
04328														-0.907023	9.748823	0.134244	0.950898	-0.294683	0.094630	0.295789	0.955250	0.002444	-0.091116	0.025666	0.995509						
04329														-1.060028	9.882234	0.494979	0.944440	-0.313866	0.097581	0.314524	0.949207	0.008959	-0.095436	0.022230	0.995187						
04330														-0.241078	9.748113	0.953447	0.940772	-0.323524	0.101390	0.323363	0.946095	0.018469	-0.101899	0.015410	0.994675						
04331														-1.506289	9.954947	1.564622	0.940685	-0.323601	0.101949	0.322474	0.946170	0.027807	-0.105460	0.006719	0.994401						
04332														-1.412947	10.097723	1.565590	0.939633	-0.327051	0.100636	0.325739	0.944994	0.029680	-0.104807	0.004893	0.994481						
04333														-0.855258	9.834134	1.218608	0.939312	-0.327947	0.100716	0.326852	0.944671	0.027662	-0.104215	0.006936	0.994531						
04334														-1.284963	9.673375	1.102970	0.941270	-0.321879	0.102007	0.320893	0.946748	0.026387	-0.105068	0.007896	0.994434						
04335														-1.888494	9.677019	0.710783	0.942826	-0.317521	0.101292	0.317112	0.948166	0.020540	-0.102563	0.012755	0.994645						
04336														-1.451544	9.595894	0.008254	0.945018	-0.311110	0.100757	0.311531	0.950161	0.011934	-0.099448	0.020111	0.994839						
04337														-2.475601	9.924526	-0.763592	0.948423	-0.301167	0.098956	0.302395	0.953179	0.002705	-0.095137	0.027358	0.995088						
04338														-2.189058	10.246313	-1.084750	0.950950	-0.294164	0.095716	0.295951	0.955191	-0.004722	-0.090038	0.032818	0.995397						
04339														-2.299416	10.105954	-0.960400	0.951689	-0.292389	0.093794	0.294373	0.955659	-0.007750	-0.087369	0.034986	0.995561						
04340														-2.235732	9.889233	-0.651489	0.948505	-0.301754	0.096347	0.304004	0.952626	-0.009240	-0.088994	0.038054	0.995305						
04341														-2.136077	9.367853	-0.621513	0.943191	-0.316559	0.100906	0.319196	0.947628	-0.010730	-0.092225	0.042329	0.994838						
04342														-1.769316	9.193216	-0.369206	0.939705	-0.326715	0.101049	0.329269	0.944191	-0.009253	-0.092387	0.041968	0.994838						
04343														-1.200696	9.349182	0.037329	0.937288	-0.334735	0.097181	0.336994	0.941478	-0.007357	-0.089031	0.039645	0.995240						
04344														-0.373465	9.281506	0.337987	0.933835	-0.345012	0.094443	0.347032	0.937838	-0.005348	-0.086728	0.037769	0.995516						
04345														0.282627	9.327703	0.915973	0.930061	-0.354417	0.096824	0.356188	0.934414	-0.001076	-0.090093	0.035488	0.995301						
04346														-0.264859	9.853101	2.042194	0.925892	-0.363604	0.102552	0.365161	0.930937	0.003833	-0.096863	0.033899	0.994720						
04347														-0.157177	10.360799	2.669828	0.920766	-0.374593	0.108950	0.376318	0.926477	0.005059	-0.102835	0.036342	0.994034						
04348														-0.019547	10.462453	2.982667	0.917238	-0.380816	0.116851	0.383249	0.923644	0.001783	-0.108608	0.043147	0.993148						
04349														-0.084745	10.494689	3.353832	0.918018	-0.376617	0.124110	0.379735	0.925094	-0.001586	-0.114216	0.048585	0.992267						
04350														-1.125673	10.942153	3.759432	0.921659	-0.365873	0.129160	0.370043	0.928971	-0.009042	-0.116677	0.056129	0.991583						
04351														-1.201886	10.991737	3.777151	0.923129	-0.360968	0.132417	0.366966	0.929944	-0.023236	-0.114753	0.070042	0.990922						
04352														-0.637581	10.818484	3.565886	0.922316	-0.361595	0.136316	0.370187	0.927953	-0.043176	-0.110883	0.090285	0.989724						
04353														0.026500	10.619981	3.067150	0.923287	-0.356535	0.142916	0.368381	0.927290	-0.066547	-0.108798	0.114090	0.987495						
04354														-0.869217	10.396216	2.421012	0.926324	-0.345836	0.149406	0.361416	0.927718	-0.093368	-0.106317	0.140487	0.984358						
04355														-1.261667	10.045942	1.719702	0.928227	-0.338344	0.154652	0.358050	0.925357	-0.124555	-0.100966	0.170989	0.980086						
04356														-1.353805	9.583326	0.976610	0.927753	-0.335961	0.162494	0.360443	0.919501	-0.156838	-0.096722	0.204077	0.974165						
04357														-1.626011	9.648229	0.628309	0.927047	-0.332555	0.173178	0.362553	0.912826	-0.187894	-0.095597	0.236973	0.966801						
04358														-2.253568	10.251927	0.236614	0.928080	-0.324712	0.182292	0.360128	0.907188	-0.217527	-0.094739	0.267531	0.958880						
04359														-3.304576	10.808346	-0.426575	0.928034	-0.320708	0.189473	0.361547	0.897944	-0.250960	-0.089651	0.301403	0.949273						
04360														-3.998608	11.117035	-1.281295	0.923348	-0.327941	0.199710	0.375375	0.880385	-0.289855	-0.080767	0.342603	0.936002						
04361														-2.958072	10.821564	-2.515774	0.916333	-0.338442	0.213989	0.393761	0.858668	-0.328088	-0.072706	0.384899	0.920091						
04362														-3.660565	9.943215	-3.075132	0.913192	-0.340141	0.224464	0.401907	0.842848	-0.357881	-0.067459	0.417028	0.906387						
04363														-4.683429	8.687217	-3.346350	0.910930	-0.343183	0.228982	0.407987	0.831763	-0.376452	-0.061267	0.436343	0.897692						
04364														-4.111349	7.860456	-3.441586	0.907861	-0.350908	0.229462	0.415749	0.824245	-0.384413	-0.054239	0.444392	0.894189						
04365														-3.386434	7.710614	-3.594589	0.906147	-0.357521	0.225999	0.420169	0.822192	-0.384003	-0.048525	0.442921	0.895246						
04366														-2.893336	7.625192	-3.611684	0.907959	-0.359231	0.215788	0.416762	0.827909	-0.375334	-0.043821	0.430720	0.901421						
04367														-1.874240	7.904448	-3.720381	0.912434	-0.357292	0.199516	0.407206	0.841074	-0.356059	-0.040590	0.406125	0.912916						
04368														-0.953211	8.593428	-4.166613	0.916708	-0.354869	0.183618	0.397407	0.857422	-0.326948	-0.041415	0.372687	0.927033						
04369														-0.510710	8.456758	-3.993935	0.920933	-0.349040	0.173357	0.385974	0.878404	-0.281834	-0.053906	0.326462	0.943672						
04370														-3.088657	9.378188	-2.817954	0.920328	-0.352598	0.169324	0.384306	0.895725	-0.223574	-0.072836	0.270834	0.959867						
04371														-4.061222	10.394952	-2.094360	0.906735	-0.384583	0.172995	0.411940	0.895538	-0.168279	-0.090206	0.223848	0.970441						
04372														-2.843264	11.541373	-1.783625	0.880150	-0.440649	0.176536	0.463875	0.877350	-0.122787	-0.100778	0.189962	0.976606						
04373														-1.457896	11.397642	-1.853574	0.845569	-0.504690	0.174074	0.523600	0.847623	-0.085899	-0.104197	0.163778	0.980979						
04374														0.154564	11.090346	-2.069087	0.812207	-0.559565	0.164943	0.573926	0.817122	-0.054042	-0.104539	0.138558	0.984821						
04375														-1.164360	11.723879	-2.276530	0.782339	-0.604176	0.151385	0.614225	0.788682	-0.026617	-0.103313	0.113808	0.988116						
04376														-3.545034	12.066929	-2.815435	0.739155	-0.659563	0.136476	0.665774	0.746153	0.000181	-0.101951	0.090728	0.990643						
04377														-1.915708	13.629361	-3.682209	0.673758	-0.729456	0.118083	0.732419	0.680422	0.024256	-0.098040	0.070143	0.992707						
04378														-0.284076	13.954433	-5.044435	0.616664	-0.781596	0.093988	0.781364	0.622237	0.047864	-0.095893	0.043923	0.994422						
04379														-2.386654	13.134452	-5.295000	0.577338	-0.814181	0.061565	0.809935	0.580608	0.083069	-0.103378	0.001904	0.994640						
04380														-4.508191	13.645648	-4.586843	0.535361	-0.844476	0.015775	0.836262	0.532590	0.130435	-0.118551	-0.056638	0.991331						
04381														-2.603985	15.173978	-4.369362	0.487375	-0.872239	-0.040807	0.862701	0.473770	0.176887	-0.134955	-0.121414	0.983385						
04382														-2.177227	16.266648	-4.205303	0.463067	-0.881112	-0.095969	0.871481	0.432903	0.230468	-0.161523	-0.190357	0.968336						
04383														-4.490244	16.831604	-3.346703	0.454304	-0.877425	-0.154058	0.869494	0.399098	0.291033	-0.193876	-0.266170	0.944228						
04384														-6.549026	16.649704	-2.988405	0.432825	-0.872134	-0.228133	0.874796	0.345228	0.339926	-0.217703	-0.346699	0.912363						
04385														-2.654725	15.705059	-3.310228	0.408542	-0.856723	-0.314830	0.881474	0.280828	0.379656	-0.236847	-0.432620	0.869910						
04386														-0.252869	14.102494	-2.897335	0.428009	-0.818517	-0.383195	0.862980	0.244188	0.442310	-0.268466	-0.520002	0.810879						
04387														-3.261379	12.125139	-2.072711	0.467726	-0.772725	-0.429101	0.829371	0.215853	0.515317	-0.305576	-0.596912	0.741836						
04388														-5.164409	10.087283	-1.715434	0.484460	-0.732169	-0.478777	0.809429	0.167554	0.562805	-0.331848	-0.660193	0.673812						
04389														-4.894752	8.704735	-1.255252	0.465589	-0.689739	-0.554515	0.818303	0.096886	0.566562	-0.337056	-0.717547	0.609525						
04390														-0.601056	7.657115	-1.461587	0.426091	-0.638785	-0.640625	0.844652	0.027250	0.534621	-0.324051	-0.768902	0.551162						
04391														3.539381	5.490681	-1.081388	0.415086	-0.591578	-0.691187	0.852015	-0.013636	0.523340	-0.319022	-0.806133	0.498373						
04392														0.742206	4.538570	-0.166339	0.428998	-0.557848	-0.710469	0.843222	-0.034749	0.536442	-0.323941	-0.829215	0.455483						
04393														-1.922415	4.632634	0.380350	0.428718	-0.533979	-0.728744	0.845227	-0.047794	0.532266	-0.319049	-0.844146	0.430843						
04394														-0.898702	4.424666	0.058206	0.405302	-0.511981	-0.757367	0.864834	-0.053780	0.499168	-0.296296	-0.857311	0.420982						
04395														0.821475	3.751002	-0.394250	0.388550	-0.492752	-0.778604	0.880754	-0.049670	0.470961	-0.270740	-0.868751	0.414694						
04396														0.382133	4.151307	-0.293914	0.390031	-0.485569	-0.782368	0.885410	-0.035527	0.463450	-0.252832	-0.873476	0.416071						
04397														-0.767747	5.408616	0.072082	0.393888	-0.495308	-0.774288	0.887709	-0.013478	0.460209	-0.238381	-0.868613	0.434380						
04398														-1.387094	7.239276	-0.282940	0.392886	-0.520073	-0.758396	0.893318	0.020136	0.448973	-0.218228	-0.853884	0.472502						
04399														-2.181557	8.205886	-1.014977	0.392749	-0.554993	-0.733301	0.899235	0.064699	0.432655	-0.192677	-0.829335	0.524480						
04400														-3.669052	8.292689	-1.606050	0.389135	-0.595970	-0.702420	0.906290	0.111135	0.407784	-0.164964	-0.795279	0.583368						
04401														-4.348985	8.459594	-1.819928	0.375037	-0.643074	-0.667685	0.916461	0.148855	0.371405	-0.139453	-0.751197	0.645179						
04402														-5.283350	9.236720	-1.174593	0.343169	-0.697517	-0.629051	0.931717	0.168011	0.321987	-0.118904	-0.696593	0.707545						
04403														-5.621993	10.611102	-0.419259	0.296051	-0.757116	-0.582349	0.949628	0.167710	0.264725	-0.102762	-0.631387	0.768629						
04404														-5.468786	12.654989	0.236528	0.247515	-0.815810	-0.522677	0.964709	0.157486	0.211032	-0.089848	-0.556465	0.825999						
04405														-5.696997	14.263583	0.814928	0.210886	-0.866095	-0.453218	0.974849	0.152150	0.162849	-0.072086	-0.476161	0.876398						
04406														-5.839531	14.950516	0.837465	0.183650	-0.906732	-0.379617	0.982095	0.152759	0.110243	-0.041971	-0.393066	0.918552						
04407														-5.435501	15.200107	0.615438	0.161580	-0.939933	-0.300695	0.986856	0.153099	0.051724	-0.002581	-0.305100	0.952317						
04408														-4.222052	15.339211	0.233590	0.156955	-0.964013	-0.214577	0.987004	0.160698	0.000004	0.034479	-0.211789	0.976707						
04409														-5.128757	15.794652	0.151313	0.168469	-0.977937	-0.123519	0.983516	0.175119	-0.045040	0.065677	-0.113896	0.991319						
04410														-6.657243	15.394831	0.300791	0.177507	-0.983652	-0.030341	0.979838	0.179523	-0.087689	0.091702	-0.014163	0.995686						
04411														-7.339920	14.858577	0.603024	0.173951	-0.982939	0.059765	0.978059	0.165385	-0.126683	0.114637	0.080491	0.990141						
04412														-8.127243	14.309963	1.077424	0.153573	-0.977764	0.142804	0.977989	0.129740	-0.163419	0.141258	0.164758	0.976167						
04413														-10.098993	14.193201	2.176682	0.104708	-0.971420	0.213026	0.976326	0.059642	-0.207917	0.189269	0.229754	0.954668						
04414														-9.237552	12.681650	1.836976	0.016712	-0.960987	0.276087	0.963985	-0.057817	-0.259598	0.265433	0.270482	0.925411						
04415														-3.989966	9.572369	0.904519	-0.062589	-0.939267	0.337432	0.940517	-0.168631	-0.294944	0.333932	0.298900	0.893951						
04416														-2.389340	7.819366	1.793763	-0.078022	-0.918805	0.386924	0.928705	-0.208110	-0.306916	0.362519	0.335392	0.869536						
04417														-5.795135	7.728463	2.988006	-0.046917	-0.903394	0.426238	0.931056	-0.194123	-0.308951	0.361847	0.382356	0.850218						
04418														-9.231616	7.218466	3.830100	-0.020574	-0.886563	0.462151	0.934269	-0.181632	-0.306840	0.355974	0.425460	0.832025						
04419														-9.678050	6.505701	3.969594	-0.019430	-0.868948	0.494522	0.936198	-0.189423	-0.296061	0.350935	0.457218	0.817188						
04420														-8.638228	6.288569	3.833898	-0.032014	-0.855217	0.517281	0.938112	-0.204277	-0.279672	0.344849	0.476314	0.808829						
04421														-8.024426	6.792578	3.756319	-0.043246	-0.849357	0.526045	0.940057	-0.212870	-0.266419	0.338264	0.482991	0.807649						
04422														-8.280161	7.045144	3.470877	-0.052782	-0.851479	0.521726	0.941177	-0.217038	-0.258999	0.333767	0.477366	0.812848						
04423														-8.107414	7.702003	3.302551	-0.066504	-0.859768	0.506336	0.941907	-0.221534	-0.252457	0.329225	0.460132	0.824554						
04424														-8.090083	9.954637	2.928799	-0.086787	-0.872527	0.480796	0.941101	-0.230120	-0.247737	0.326798	0.430977	0.841108						
04425														-8.591060	11.667580	2.118902	-0.120983	-0.886100	0.447426	0.936997	-0.250749	-0.243231	0.327718	0.389810	0.860610						
04426														-7.354097	13.046420	1.070740	-0.167097	-0.899835	0.402958	0.930060	-0.279499	-0.238469	0.327210	0.334928	0.883605						
04427														-5.989600	13.916538	0.380289	-0.210213	-0.915647	0.342639	0.923890	-0.300676	-0.236689	0.319746	0.266806	0.909163						
04428														-5.170488	14.217157	0.221543	-0.245255	-0.931275	0.269402	0.920957	-0.310604	-0.235295	0.302802	0.190400	0.933841						
04429														-5.530872	14.683765	0.184235	-0.274196	-0.943136	0.187913	0.920635	-0.313909	-0.232147	0.277933	0.109346	0.954357						
04430														-7.497906	15.208949	0.993194	-0.318321	-0.942481	0.101991	0.915391	-0.333561	-0.225380	0.246436	0.021618	0.968918						
04431														-6.805751	16.277974	1.688289	-0.380066	-0.924915	0.009028	0.901167	-0.372471	-0.221729	0.208444	-0.076136	0.975066						
04432														-4.101917	18.757538	1.152955	-0.433502	-0.896636	-0.090113	0.884151	-0.403859	-0.234894	0.174221	-0.181501	0.967835						
04433														-3.288775	17.588241	-0.324416	-0.450907	-0.871469	-0.192936	0.881360	-0.400566	-0.250500	0.141020	-0.282999	0.948697						
04434														-5.961954	15.805057	-0.011658	-0.446213	-0.845276	-0.293945	0.889911	-0.384369	-0.245598	0.094615	-0.371174	0.923731						
04435														-7.964600	15.800034	0.810887	-0.440457	-0.806726	-0.393943	0.896964	-0.376803	-0.231246	0.038114	-0.455207	0.889570						
04436														-6.735224	17.105435	0.537940	-0.432128	-0.754348	-0.494191	0.901721	-0.369224	-0.224884	-0.012827	-0.542801	0.839764						
04437														-6.010138	15.078751	0.022546	-0.405529	-0.696384	-0.592112	0.912094	-0.350977	-0.211896	-0.060257	-0.625991	0.777499						
04438														-7.396756	12.824500	0.847374	-0.372607	-0.631194	-0.680263	0.921252	-0.339768	-0.189347	-0.111617	-0.697246	0.708089						
04439														-7.917631	11.756775	1.208428	-0.349856	-0.552876	-0.756260	0.923651	-0.338378	-0.179917	-0.156430	-0.761465	0.629048						
04440														-6.166982	10.173162	1.416688	-0.334701	-0.461403	-0.821634	0.922633	-0.337774	-0.186162	-0.191631	-0.820375	0.538760						
04441														-5.120391	8.289358	1.581299	-0.319401	-0.360925	-0.876194	0.921040	-0.335696	-0.197467	-0.222864	-0.870081	0.439648						
04442														-4.597718	7.100466	1.651316	-0.305372	-0.262093	-0.915454	0.919584	-0.330753	-0.212056	-0.247211	-0.906592	0.342019						
04443														-3.119106	6.017465	1.549843	-0.293207	-0.171830	-0.940481	0.918949	-0.322033	-0.227657	-0.263748	-0.931004	0.252326						
04444														-2.149638	5.213789	1.509002	-0.273435	-0.094591	-0.957228	0.921778	-0.310152	-0.232660	-0.274879	-0.945970	0.171998						
04445														-1.536754	4.560695	1.574588	-0.247393	-0.031643	-0.968398	0.927704	-0.296127	-0.227320	-0.279575	-0.954624	0.102615						
04446														-1.083168	3.638810	1.567465	-0.223224	0.016488	-0.974628	0.934710	-0.280062	-0.218820	-0.276564	-0.959840	0.047105						
04447														-0.451187	2.896791	1.222347	-0.207887	0.047606	-0.976994	0.941067	-0.262689	-0.213042	-0.266788	-0.963705	0.009809						
04448														0.347774	2.202879	0.791916	-0.199738	0.059904	-0.978017	0.946332	-0.247034	-0.208398	-0.254087	-0.967153	-0.007347						
04449														0.823135	1.679203	0.648223	-0.194666	0.053360	-0.979417	0.950217	-0.237416	-0.201797	-0.243297	-0.969941	-0.004487						
04450														0.197770	1.852962	0.927789	-0.195050	0.027218	-0.980416	0.952233	-0.234216	-0.195946	-0.234962	-0.971803	0.019766						
04451														-0.988822	2.935300	1.387636	-0.208725	-0.016576	-0.977834	0.951916	-0.232716	-0.199248	-0.224254	-0.972404	0.064352						
04452														-1.896742	4.317776	1.723877	-0.234548	-0.074066	-0.969279	0.950248	-0.227717	-0.212543	-0.204979	-0.970906	0.123792						
04453														-3.084114	5.558610	1.900401	-0.265864	-0.145128	-0.953024	0.947530	-0.221360	-0.230622	-0.177491	-0.964333	0.196365						
04454														-4.750113	6.792986	2.126122	-0.297422	-0.232476	-0.926011	0.943098	-0.222583	-0.247030	-0.148685	-0.946790	0.285448						
04455														-4.985388	8.677222	2.530498	-0.312908	-0.336358	-0.888229	0.941232	-0.235025	-0.242580	-0.127162	-0.911936	0.390132						
04456														-7.179008	11.990478	3.221363	-0.308852	-0.447908	-0.839040	0.944960	-0.244668	-0.217230	-0.107987	-0.859951	0.498821						
04457														-9.102743	14.011585	3.534251	-0.306751	-0.554704	-0.773438	0.948648	-0.244158	-0.201132	-0.077272	-0.795418	0.601115						
04458														-8.989986	14.497344	3.650690	-0.316432	-0.648807	-0.692041	0.947914	-0.244312	-0.204380	-0.036471	-0.720668	0.692321						
04459														-6.996893	14.808643	3.373501	-0.328524	-0.732848	-0.595824	0.944445	-0.248350	-0.215281	0.009795	-0.633448	0.773723						
04460														-6.948983	16.209946	2.957816	-0.325003	-0.812105	-0.484622	0.943912	-0.246946	-0.219197	0.058336	-0.528680	0.846814						
04461														-8.256940	17.078243	2.572753	-0.306420	-0.879623	-0.363828	0.945917	-0.238603	-0.219794	0.106526	-0.411500	0.905163						
04462														-9.207878	16.604950	2.622180	-0.283381	-0.927706	-0.243014	0.947191	-0.231099	-0.222310	0.150078	-0.293180	0.944205						
04463														-9.429309	16.010223	2.922248	-0.264020	-0.956462	-0.124394	0.945756	-0.231410	-0.228023	0.189309	-0.177849	0.965677						
04464														-9.052067	15.231601	2.795776	-0.248420	-0.968577	-0.012051	0.941866	-0.238626	-0.236527	0.226219	-0.070108	0.971550						
04465														-8.847049	13.797867	2.690412	-0.234836	-0.968019	0.088270	0.936890	-0.249608	-0.244814	0.259017	0.025208	0.965544						
04466														-8.114295	12.372881	2.696240	-0.219184	-0.959774	0.175479	0.932987	-0.258797	-0.250120	0.285472	0.108897	0.952180						
04467														-7.504927	11.451944	2.582601	-0.196301	-0.947730	0.251543	0.931481	-0.260370	-0.254070	0.306283	0.184433	0.933903						
04468														-7.554453	10.467239	2.302838	-0.165247	-0.933432	0.318430	0.932565	-0.252956	-0.257558	0.320962	0.254396	0.912286						
04469														-8.665774	9.371149	2.577445	-0.131604	-0.917313	0.375789	0.935967	-0.239867	-0.257740	0.326567	0.317807	0.890142						
04470														-9.013636	8.674066	2.621548	-0.102231	-0.901435	0.420672	0.940442	-0.225411	-0.254476	0.324218	0.369602	0.870791						
04471														-9.371441	8.250902	2.621929	-0.078691	-0.888889	0.451313	0.944984	-0.210700	-0.250220	0.317510	0.406794	0.856566						
04472														-10.042919	7.955564	3.078303	-0.070162	-0.878980	0.471668	0.947849	-0.206112	-0.243106	0.310902	0.430013	0.847602						
04473														-9.716908	7.701084	3.203387	-0.080806	-0.871273	0.484101	0.948667	-0.216230	-0.230814	0.305779	0.440599	0.844021						
04474														-8.363944	7.449478	2.970584	-0.097769	-0.868305	0.486300	0.949188	-0.228233	-0.216685	0.299138	0.440405	0.846499						
04475														-8.055600	7.729859	2.946047	-0.111942	-0.872123	0.476310	0.950835	-0.233290	-0.203689	0.288760	0.430091	0.855359						
04476														-8.306259	8.581508	2.912410	-0.131536	-0.879650	0.457072	0.951476	-0.241423	-0.190811	0.278194	0.409794	0.868721						
04477														-8.155891	9.812015	2.552173	-0.162953	-0.887396	0.431248	0.949476	-0.259867	-0.175966	0.268218	0.380786	0.884907						
04478														-7.262721	10.572783	1.983808	-0.200222	-0.896025	0.396295	0.945765	-0.282371	-0.160609	0.255812	0.342644	0.903966						
04479														-6.285524	11.673135	1.529191	-0.236722	-0.906917	0.348518	0.941298	-0.302937	-0.148954	0.240667	0.292798	0.925391						
04480														-5.087189	13.349247	1.106919	-0.269584	-0.918293	0.289935	0.936013	-0.320626	-0.145185	0.226284	0.232244	0.945970						
04481														-4.345007	14.499637	0.235224	-0.301146	-0.926840	0.224229	0.929894	-0.337514	-0.146224	0.211206	0.164474	0.963504						
04482														-5.373048	14.818629	0.062470	-0.336206	-0.929207	0.153429	0.922968	-0.357492	-0.142582	0.187338	0.093674	0.977819						
04483														-6.171273	15.509415	0.385568	-0.377856	-0.922726	0.076174	0.911944	-0.385126	-0.141546	0.159944	0.015983	0.986997						
04484														-6.395991	16.336863	-0.249085	-0.416466	-0.909075	-0.011822	0.899077	-0.409885	-0.153800	0.134970	-0.074681	0.988031						
04485														-6.974179	17.786300	-0.085054	-0.450347	-0.886261	-0.108298	0.886431	-0.429283	-0.173078	0.106901	-0.173944	0.978936						
04486														-6.353031	18.752745	0.380257	-0.477836	-0.852654	-0.211314	0.875638	-0.443092	-0.192163	0.070217	-0.276857	0.958342						
04487														-6.499407	18.609552	0.875720	-0.493214	-0.810454	-0.316076	0.869540	-0.448740	-0.206235	0.025308	-0.376559	0.926047						
04488														-6.710391	18.035590	1.262523	-0.493520	-0.760990	-0.421108	0.869399	-0.445098	-0.214555	-0.024160	-0.471997	0.881269						
04489														-7.240646	16.983877	1.859348	-0.484358	-0.698879	-0.526275	0.872097	-0.433548	-0.226896	-0.069593	-0.568862	0.819483						
04490														-6.555297	14.867176	1.647004	-0.474598	-0.620350	-0.624438	0.873922	-0.416701	-0.250243	-0.104965	-0.664475	0.739902						
04491														-5.224846	12.181195	1.156794	-0.465674	-0.528797	-0.709592	0.875045	-0.394810	-0.280036	-0.132072	-0.751331	0.646575						
04492														-4.111056	10.112583	0.847198	-0.457080	-0.431304	-0.777853	0.876064	-0.369344	-0.309996	-0.153593	-0.823141	0.546670						
04493														-3.110812	8.761984	0.593771	-0.446355	-0.333894	-0.830230	0.878577	-0.339676	-0.335741	-0.169908	-0.879281	0.444968						
04494														-1.795028	7.241875	0.251992	-0.437951	-0.237993	-0.866924	0.881266	-0.304240	-0.361675	-0.177677	-0.922387	0.342977						
04495														0.123050	5.482768	-0.278301	-0.425176	-0.151722	-0.892304	0.886937	-0.266407	-0.377320	-0.180469	-0.951844	0.247837						
04496														1.253760	4.023868	-0.500753	-0.406383	-0.084179	-0.909817	0.895446	-0.234753	-0.378244	-0.181742	-0.968403	0.170777						
04497														1.316559	2.961099	-0.558172	-0.388438	-0.040178	-0.920598	0.903282	-0.214144	-0.371786	-0.182203	-0.975975	0.119474						
04498														1.080074	2.587905	-0.350591	-0.377477	-0.019826	-0.925807	0.908353	-0.202282	-0.366028	-0.180017	-0.979127	0.094366						
04499														1.183005	2.475118	-0.103756	-0.371266	-0.018835	-0.928335	0.912084	-0.194715	-0.360816	-0.173965	-0.980679	0.089470						
04500														0.744176	2.423011	0.084667	-0.367467	-0.036774	-0.929309	0.915481	-0.190395	-0.354464	-0.163901	-0.981019	0.103630						
04501														-0.022806	2.806926	0.162944	-0.363496	-0.075926	-0.928497	0.919222	-0.191136	-0.344236	-0.151332	-0.978623	0.139270						
04502														-0.814786	3.972854	0.294283	-0.357441	-0.135290	-0.924085	0.923765	-0.196842	-0.328499	-0.137456	-0.971056	0.195335						
04503														-1.489174	5.186461	0.621480	-0.347589	-0.210870	-0.913628	0.929354	-0.206789	-0.305843	-0.124435	-0.955391	0.267850						
