// General information: 
//  MT Manager version: 2022.2.0 
//  XDA version: 2022.2.0 build 7381 rev 124627 built on 2023-07-19
// Device information: 
//  DeviceId: 00B4D4C6
//  ProductCode: MTW2-3A7G6
//  Firmware Version: 4.6.0
//  Hardware Version: 2.0.0
// Device settings: 
//  Filter Profile: human(46.1)
//  Option Flags: Orientation Smoother Disabled, Position/Velocity Smoother Disabled, Continuous Zero Rotation Update Disabled, AHS Disabled, ICC Disabled
// Coordinate system: ENU
PacketCounter	SampleTimeFine	Year	Month	Day	Second	UTC_Nano	UTC_Year	UTC_Month	UTC_Day	UTC_Hour	UTC_Minute	UTC_Second	UTC_Valid	Acc_X	Acc_Y	Acc_Z	Mat[1][1]	Mat[2][1]	Mat[3][1]	Mat[1][2]	Mat[2][2]	Mat[3][2]	Mat[1][3]	Mat[2][3]	Mat[3][3]	Latitude	Longitude	Altitude	Vel_E	Vel_N	Vel_U
04221														-1.080019	-9.716425	-1.034690	0.999900	-0.004466	-0.013419	0.004316	0.999928	-0.011178	0.013468	0.011118	0.999847						
04222														-1.092456	-9.691125	-0.976808	0.999906	-0.004336	-0.013010	0.004196	0.999933	-0.010805	0.013056	0.010749	0.999857						
04223														-1.081603	-9.740393	-1.006145	0.999911	-0.004197	-0.012647	0.004067	0.999939	-0.010318	0.012690	0.010265	0.999867						
04224														-1.125320	-9.712346	-0.972316	0.999916	-0.004024	-0.012315	0.003904	0.999945	-0.009722	0.012353	0.009673	0.999877						
04225														-1.061263	-9.736333	-0.921607	0.999920	-0.004171	-0.011960	0.004062	0.999950	-0.009091	0.011998	0.009042	0.999887						
04226														-1.122371	-9.672617	-0.913040	0.999923	-0.004521	-0.011545	0.004424	0.999955	-0.008403	0.011582	0.008351	0.999898						
04227														-1.069365	-9.683961	-0.822983	0.999926	-0.004811	-0.011201	0.004724	0.999958	-0.007807	0.011238	0.007754	0.999907						
04228														-1.109381	-9.674795	-0.753757	0.999927	-0.005387	-0.010849	0.005305	0.999958	-0.007534	0.010890	0.007475	0.999913						
04229														-1.086124	-9.682218	-0.780587	0.999928	-0.006035	-0.010387	0.005958	0.999955	-0.007446	0.010431	0.007384	0.999918						
04230														-1.049587	-9.673168	-0.903896	0.999925	-0.007215	-0.009897	0.007140	0.999946	-0.007595	0.009951	0.007523	0.999922						
04231														-1.069848	-9.768006	-0.935040	0.999924	-0.007924	-0.009444	0.007853	0.999940	-0.007585	0.009504	0.007510	0.999927						
04232														-1.128214	-9.707966	-0.904143	0.999925	-0.008265	-0.009028	0.008197	0.999938	-0.007543	0.009090	0.007468	0.999931						
04233														-1.076047	-9.613964	-0.851948	0.999928	-0.008302	-0.008634	0.008236	0.999937	-0.007643	0.008697	0.007571	0.999934						
04234														-1.016793	-9.656479	-0.981986	0.999926	-0.009016	-0.008209	0.008952	0.999930	-0.007797	0.008279	0.007723	0.999936						
04235														-1.079042	-9.718813	-0.992030	0.999923	-0.009691	-0.007807	0.009630	0.999923	-0.007792	0.007882	0.007716	0.999939						
04236														-1.018910	-9.705506	-0.973938	0.999922	-0.009964	-0.007486	0.009906	0.999921	-0.007674	0.007561	0.007599	0.999943						
04237														-1.035164	-9.691268	-0.853316	0.999924	-0.010033	-0.007231	0.009978	0.999922	-0.007557	0.007307	0.007484	0.999945						
04238														-1.046849	-9.684313	-0.761280	0.999923	-0.010254	-0.007041	0.010201	0.999919	-0.007588	0.007119	0.007516	0.999946						
04239														-1.054914	-9.794915	-0.888260	0.999920	-0.010634	-0.006841	0.010581	0.999914	-0.007710	0.006923	0.007637	0.999947						
04240														-1.097024	-9.760457	-0.998385	0.999919	-0.010823	-0.006623	0.010772	0.999913	-0.007648	0.006705	0.007576	0.999949						
04241														-1.027503	-9.697100	-0.885139	0.999923	-0.010611	-0.006498	0.010562	0.999916	-0.007572	0.006578	0.007502	0.999950						
04242														-0.983247	-9.692843	-0.870451	0.999925	-0.010460	-0.006353	0.010412	0.999918	-0.007514	0.006431	0.007447	0.999952						
04243														-1.017661	-9.711372	-0.899217	0.999927	-0.010305	-0.006318	0.010257	0.999919	-0.007543	0.006396	0.007478	0.999952						
04244														-1.050710	-9.707820	-0.886218	0.999930	-0.010031	-0.006299	0.009983	0.999921	-0.007631	0.006375	0.007567	0.999951						
04245														-1.045585	-9.698522	-0.820315	0.999931	-0.009916	-0.006309	0.009866	0.999921	-0.007822	0.006386	0.007759	0.999950						
04246														-1.037475	-9.674551	-0.889451	0.999929	-0.010095	-0.006303	0.010042	0.999916	-0.008243	0.006386	0.008179	0.999946						
04247														-1.024618	-9.721464	-0.949900	0.999928	-0.010238	-0.006278	0.010184	0.999911	-0.008603	0.006366	0.008538	0.999943						
04248														-1.060157	-9.730890	-0.977574	0.999928	-0.010224	-0.006319	0.010167	0.999909	-0.008916	0.006409	0.008851	0.999940						
04249														-1.021549	-9.724422	-1.010919	0.999928	-0.010087	-0.006442	0.010029	0.999910	-0.008956	0.006531	0.008891	0.999939						
04250														-1.044074	-9.705719	-0.920594	0.999929	-0.009986	-0.006536	0.009927	0.999911	-0.008966	0.006625	0.008901	0.999938						
04251														-1.039058	-9.748448	-0.880421	0.999924	-0.010360	-0.006609	0.010301	0.999907	-0.008951	0.006701	0.008882	0.999938						
04252														-1.067276	-9.706651	-0.855945	0.999921	-0.010694	-0.006645	0.010634	0.999902	-0.009084	0.006742	0.009013	0.999937						
04253														-1.063001	-9.707656	-0.896856	0.999917	-0.010987	-0.006656	0.010926	0.999898	-0.009204	0.006757	0.009131	0.999935						
04254														-1.065536	-9.694837	-0.922405	0.999919	-0.010802	-0.006759	0.010738	0.999898	-0.009397	0.006860	0.009324	0.999933						
04255														-1.045814	-9.699028	-0.935771	0.999922	-0.010401	-0.006854	0.010335	0.999901	-0.009531	0.006952	0.009459	0.999931						
04256														-1.073647	-9.682386	-1.010856	0.999925	-0.010034	-0.006980	0.009967	0.999904	-0.009583	0.007075	0.009513	0.999930						
04257														-1.048778	-9.712168	-0.973887	0.999928	-0.009694	-0.007026	0.009627	0.999908	-0.009536	0.007118	0.009468	0.999930						
04258														-1.078477	-9.736457	-0.927200	0.999929	-0.009571	-0.007044	0.009504	0.999911	-0.009378	0.007133	0.009311	0.999931						
04259														-1.073885	-9.666185	-0.912717	0.999932	-0.009255	-0.007030	0.009189	0.999915	-0.009280	0.007115	0.009214	0.999932						
04260														-1.042628	-9.694917	-0.898213	0.999934	-0.009153	-0.006964	0.009089	0.999916	-0.009195	0.007047	0.009131	0.999933						
04261														-1.099798	-9.687785	-0.934243	0.999934	-0.009242	-0.006821	0.009179	0.999916	-0.009177	0.006905	0.009114	0.999935						
04262														-1.068182	-9.681917	-0.902390	0.999936	-0.009131	-0.006697	0.009070	0.999917	-0.009161	0.006780	0.009100	0.999936						
04263														-1.030982	-9.772364	-0.959861	0.999936	-0.009235	-0.006517	0.009176	0.999917	-0.009050	0.006601	0.008990	0.999938						
04264														-1.038953	-9.731367	-0.974317	0.999934	-0.009574	-0.006292	0.009518	0.999916	-0.008839	0.006376	0.008778	0.999941						
04265														-1.019857	-9.680900	-0.900088	0.999932	-0.009939	-0.006092	0.009886	0.999914	-0.008604	0.006177	0.008543	0.999944						
04266														-1.030772	-9.699458	-0.905894	0.999927	-0.010519	-0.005870	0.010469	0.999909	-0.008465	0.005958	0.008403	0.999947						
04267														-1.026709	-9.732232	-0.904990	0.999925	-0.010845	-0.005712	0.010798	0.999908	-0.008220	0.005801	0.008158	0.999950						
04268														-1.054566	-9.730276	-0.928817	0.999923	-0.011092	-0.005555	0.011048	0.999908	-0.007921	0.005642	0.007859	0.999953						
04269														-1.083525	-9.667718	-0.920943	0.999925	-0.010976	-0.005410	0.010935	0.999911	-0.007641	0.005493	0.007581	0.999956						
04270														-1.072454	-9.685991	-0.904747	0.999928	-0.010794	-0.005225	0.010755	0.999915	-0.007400	0.005304	0.007343	0.999959						
04271														-1.005794	-9.718434	-0.902184	0.999930	-0.010677	-0.005024	0.010640	0.999917	-0.007218	0.005101	0.007164	0.999961						
04272														-0.965628	-9.732688	-0.872523	0.999931	-0.010674	-0.004805	0.010639	0.999918	-0.007120	0.004880	0.007068	0.999963						
04273														-1.019610	-9.721207	-0.874995	0.999930	-0.010879	-0.004628	0.010846	0.999916	-0.007071	0.004704	0.007020	0.999964						
04274														-0.988065	-9.715154	-0.843116	0.999927	-0.011231	-0.004540	0.011199	0.999912	-0.007083	0.004619	0.007032	0.999965						
04275														-0.946279	-9.723942	-0.867441	0.999920	-0.011833	-0.004418	0.011801	0.999905	-0.007150	0.004502	0.007097	0.999965						
04276														-0.988740	-9.722426	-0.893896	0.999913	-0.012420	-0.004396	0.012388	0.999897	-0.007288	0.004486	0.007233	0.999964						
04277														-0.993821	-9.688432	-0.939185	0.999908	-0.012799	-0.004482	0.012766	0.999891	-0.007415	0.004577	0.007357	0.999962						
04278														-1.034175	-9.714343	-0.933382	0.999906	-0.012875	-0.004643	0.012840	0.999890	-0.007460	0.004739	0.007399	0.999961						
04279														-1.024725	-9.701248	-0.873258	0.999906	-0.012808	-0.004832	0.012772	0.999890	-0.007518	0.004927	0.007455	0.999960						
04280														-1.030372	-9.736948	-0.868425	0.999908	-0.012636	-0.004993	0.012598	0.999891	-0.007642	0.005089	0.007579	0.999958						
04281														-1.077478	-9.731208	-0.923807	0.999910	-0.012354	-0.005168	0.012314	0.999894	-0.007715	0.005262	0.007651	0.999957						
04282														-1.048094	-9.687281	-0.943581	0.999916	-0.011764	-0.005372	0.011723	0.999901	-0.007758	0.005462	0.007695	0.999955						
04283														-1.015060	-9.725315	-0.974824	0.999922	-0.011200	-0.005580	0.011156	0.999907	-0.007806	0.005667	0.007743	0.999954						
04284														-1.049536	-9.702019	-0.935197	0.999928	-0.010515	-0.005768	0.010471	0.999916	-0.007692	0.005848	0.007631	0.999954						
04285														-1.044651	-9.707592	-0.859645	0.999932	-0.010094	-0.005924	0.010049	0.999920	-0.007680	0.006001	0.007620	0.999953						
04286														-1.032210	-9.735126	-0.890453	0.999931	-0.010070	-0.005999	0.010024	0.999920	-0.007673	0.006076	0.007612	0.999953						
04287														-1.043161	-9.702427	-0.910440	0.999933	-0.009849	-0.006138	0.009802	0.999923	-0.007548	0.006212	0.007487	0.999953						
04288														-1.021875	-9.684290	-0.964300	0.999936	-0.009370	-0.006336	0.009322	0.999929	-0.007418	0.006405	0.007359	0.999952						
04289														-1.033037	-9.712711	-0.929246	0.999941	-0.008711	-0.006548	0.008663	0.999936	-0.007244	0.006610	0.007187	0.999952						
04290														-1.052012	-9.721039	-0.890471	0.999943	-0.008238	-0.006756	0.008190	0.999942	-0.007060	0.006814	0.007004	0.999952						
04291														-1.019250	-9.716028	-0.897183	0.999942	-0.008311	-0.006846	0.008264	0.999942	-0.006889	0.006903	0.006832	0.999953						
04292														-1.038547	-9.709432	-0.866586	0.999938	-0.008718	-0.006936	0.008671	0.999939	-0.006796	0.006994	0.006736	0.999953						
04293														-1.031227	-9.720940	-0.864285	0.999934	-0.009111	-0.007015	0.009064	0.999936	-0.006715	0.007076	0.006651	0.999953						
04294														-1.068751	-9.733215	-0.904276	0.999930	-0.009458	-0.007090	0.009411	0.999934	-0.006603	0.007152	0.006536	0.999953						
04295														-1.069214	-9.715991	-0.893787	0.999927	-0.009707	-0.007151	0.009661	0.999932	-0.006480	0.007213	0.006411	0.999953						
04296														-1.086092	-9.678263	-0.902287	0.999924	-0.009950	-0.007210	0.009904	0.999931	-0.006389	0.007273	0.006317	0.999954						
04297														-1.080002	-9.657496	-0.898892	0.999923	-0.010074	-0.007221	0.010028	0.999930	-0.006331	0.007285	0.006259	0.999954						
04298														-1.075832	-9.730968	-0.904826	0.999920	-0.010435	-0.007189	0.010390	0.999927	-0.006247	0.007254	0.006172	0.999955						
04299														-1.055688	-9.755315	-0.941014	0.999918	-0.010662	-0.007135	0.010619	0.999925	-0.006059	0.007199	0.005982	0.999956						
04300														-1.040834	-9.683107	-0.887043	0.999916	-0.010866	-0.007067	0.010825	0.999925	-0.005815	0.007129	0.005738	0.999958						
04301														-1.051165	-9.679447	-0.850176	0.999915	-0.010983	-0.007007	0.010943	0.999924	-0.005640	0.007069	0.005563	0.999960						
04302														-1.078931	-9.674990	-0.858464	0.999914	-0.011138	-0.006957	0.011100	0.999923	-0.005513	0.007018	0.005435	0.999961						
04303														-1.066956	-9.716345	-0.926194	0.999914	-0.011175	-0.006885	0.011138	0.999923	-0.005433	0.006945	0.005356	0.999962						
04304														-1.065519	-9.716645	-0.924708	0.999916	-0.011086	-0.006767	0.011051	0.999925	-0.005280	0.006825	0.005204	0.999963						
04305														-1.055248	-9.725993	-0.905191	0.999918	-0.010957	-0.006694	0.010923	0.999927	-0.005156	0.006750	0.005083	0.999964						
04306														-1.052347	-9.678075	-0.847901	0.999921	-0.010725	-0.006600	0.010692	0.999930	-0.005042	0.006653	0.004971	0.999966						
04307														-1.017363	-9.727749	-0.898756	0.999922	-0.010669	-0.006481	0.010637	0.999931	-0.004926	0.006534	0.004857	0.999967						
04308														-1.032007	-9.779569	-0.967904	0.999921	-0.010819	-0.006324	0.010789	0.999931	-0.004651	0.006374	0.004583	0.999969						
04309														-1.036789	-9.694387	-0.896412	0.999922	-0.010854	-0.006215	0.010827	0.999932	-0.004285	0.006261	0.004217	0.999972						
04310														-1.003051	-9.683597	-0.828413	0.999922	-0.010920	-0.006094	0.010896	0.999933	-0.004034	0.006137	0.003967	0.999973						
04311														-1.039446	-9.679023	-0.773154	0.999920	-0.011132	-0.006032	0.011109	0.999930	-0.003952	0.006076	0.003885	0.999974						
04312														-1.032603	-9.712819	-0.813941	0.999918	-0.011298	-0.005949	0.011275	0.999928	-0.004016	0.005994	0.003948	0.999974						
04313														-1.035827	-9.740073	-0.804626	0.999918	-0.011429	-0.005849	0.011404	0.999926	-0.004153	0.005896	0.004086	0.999974						
04314														-1.031622	-9.689288	-0.819340	0.999917	-0.011532	-0.005786	0.011507	0.999924	-0.004377	0.005836	0.004310	0.999974						
04315														-0.997467	-9.712539	-0.860528	0.999914	-0.011778	-0.005714	0.011751	0.999920	-0.004696	0.005769	0.004628	0.999973						
04316														-1.030699	-9.728512	-0.961296	0.999910	-0.012154	-0.005645	0.012126	0.999914	-0.004996	0.005705	0.004927	0.999972						
04317														-1.035446	-9.703483	-0.926550	0.999909	-0.012280	-0.005642	0.012251	0.999912	-0.005171	0.005705	0.005102	0.999971						
04318														-1.003041	-9.683447	-0.859072	0.999909	-0.012236	-0.005638	0.012206	0.999911	-0.005405	0.005703	0.005335	0.999970						
04319														-1.040401	-9.732844	-0.936491	0.999906	-0.012457	-0.005690	0.012425	0.999907	-0.005547	0.005759	0.005476	0.999968						
04320														-1.168522	-9.749850	-0.992848	0.999899	-0.013029	-0.005710	0.012999	0.999902	-0.005276	0.005778	0.005202	0.999970						
04321														-1.497289	-9.738459	-1.002301	0.999919	-0.011238	-0.005977	0.011209	0.999926	-0.004832	0.006031	0.004765	0.999970						
04322														-1.059226	-9.658803	-0.899761	0.999936	-0.009435	-0.006163	0.009412	0.999948	-0.003845	0.006199	0.003787	0.999974						
04323														-1.001574	-9.729638	-0.731497	0.999947	-0.008174	-0.006312	0.008153	0.999961	-0.003256	0.006338	0.003205	0.999975						
04324														-0.535238	-9.702529	-0.679559	0.999938	-0.009083	-0.006467	0.009064	0.999954	-0.003054	0.006494	0.002995	0.999974						
04325														-1.057037	-9.800053	-0.825976	0.999941	-0.008458	-0.006812	0.008438	0.999960	-0.003039	0.006838	0.002981	0.999972						
04326														-1.068801	-9.716319	-0.773534	0.999942	-0.007801	-0.007433	0.007780	0.999966	-0.002879	0.007455	0.002821	0.999968						
04327														-0.788910	-9.712718	-0.834312	0.999941	-0.007101	-0.008223	0.007077	0.999971	-0.002930	0.008243	0.002871	0.999962						
04328														-0.915281	-9.763914	-0.629566	0.999935	-0.006865	-0.009091	0.006838	0.999972	-0.002994	0.009112	0.002932	0.999954						
04329														-0.687904	-9.681704	-0.570870	0.999931	-0.005757	-0.010253	0.005721	0.999977	-0.003580	0.010274	0.003521	0.999941						
04330														-0.745045	-9.678386	-0.861621	0.999917	-0.005229	-0.011762	0.005174	0.999976	-0.004709	0.011786	0.004648	0.999920						
04331														-0.782043	-9.864743	-1.145370	0.999898	-0.003836	-0.013759	0.003760	0.999977	-0.005583	0.013780	0.005531	0.999890						
04332														-1.064804	-9.624377	-1.212162	0.999865	-0.001832	-0.016336	0.001728	0.999978	-0.006353	0.016347	0.006323	0.999846						
04333														-1.511149	-9.102897	-1.847866	0.999785	0.003686	-0.020386	-0.003921	0.999926	-0.011491	0.020342	0.011568	0.999726						
04334														-0.908055	-9.712690	-2.058205	0.999709	0.004954	-0.023621	-0.005394	0.999813	-0.018582	0.023524	0.018704	0.999548						
04335														-1.679894	-9.960188	-1.326845	0.999607	0.008126	-0.026826	-0.008760	0.999684	-0.023568	0.026626	0.023794	0.999362						
04336														-1.249276	-9.644004	-1.076295	0.999495	0.011877	-0.029457	-0.012638	0.999587	-0.025801	0.029138	0.026161	0.999233						
04337														-1.208314	-9.461392	-1.344755	0.999389	0.014109	-0.031976	-0.015030	0.999474	-0.028752	0.031554	0.029215	0.999075						
04338														-1.458276	-9.811810	-0.709735	0.999341	0.013058	-0.033857	-0.014247	0.999282	-0.035114	0.033374	0.035573	0.998810						
04339														-1.736092	-9.589590	-0.578240	0.999344	0.006551	-0.035624	-0.008116	0.999000	-0.043970	0.035300	0.044230	0.998398						
04340														-2.389613	-9.820581	-0.881903	0.999267	-0.002612	-0.038186	0.000527	0.998514	-0.054500	0.038271	0.054440	0.997783						
04341														-1.403302	-9.703199	-1.234382	0.999085	-0.011210	-0.041262	0.008469	0.997782	-0.066026	0.041911	0.065616	0.996964						
04342														-1.122859	-9.423429	-1.830109	0.998841	-0.018221	-0.044539	0.014671	0.996785	-0.078763	0.045831	0.078018	0.995898						
04343														-1.390622	-9.411242	-1.877373	0.998594	-0.022037	-0.048202	0.017609	0.995747	-0.090428	0.049990	0.089452	0.994736						
04344														-1.307398	-9.036031	-1.768819	0.998377	-0.023223	-0.051992	0.017895	0.994756	-0.100697	0.054058	0.099603	0.993558						
04345														-1.236521	-9.116951	-1.455873	0.998191	-0.023316	-0.055424	0.016991	0.993566	-0.111972	0.057678	0.110828	0.992165						
04346														-1.288216	-9.352494	-1.092612	0.998046	-0.021773	-0.058565	0.014274	0.991986	-0.125542	0.060829	0.124461	0.990358						
04347														-1.339417	-9.775344	-0.668049	0.997879	-0.019684	-0.062052	0.010780	0.989994	-0.140696	0.064201	0.139729	0.988106						
04348														-1.290761	-10.081831	-0.596953	0.997678	-0.018542	-0.065538	0.007991	0.987452	-0.157716	0.067640	0.156826	0.985307						
04349														-1.752267	-10.152720	-0.502518	0.997396	-0.018194	-0.069788	0.005451	0.983905	-0.178608	0.071914	0.177762	0.981442						
04350														-1.623452	-10.757383	-0.717518	0.997004	-0.018771	-0.075035	0.003214	0.979322	-0.202283	0.077281	0.201436	0.976448						
04351														-1.881221	-11.338050	-1.031989	0.996498	-0.023090	-0.080362	0.004208	0.973747	-0.227596	0.083508	0.226461	0.970434						
04352														-2.793296	-11.414782	-1.548551	0.996031	-0.027091	-0.084779	0.004757	0.967392	-0.253239	0.088875	0.251831	0.963682						
04353														-2.856176	-11.434419	-0.289493	0.995672	-0.024916	-0.089539	-0.001318	0.959512	-0.281664	0.092932	0.280562	0.955326						
04354														-2.354860	-12.642937	-0.791330	0.995120	-0.019782	-0.096668	-0.011573	0.949533	-0.313453	0.097990	0.313042	0.944670						
04355														-1.526310	-12.345783	-2.225431	0.994262	-0.016460	-0.105703	-0.021105	0.938488	-0.344666	0.104874	0.344919	0.932755						
04356														-1.843565	-10.656882	-4.359659	0.993328	-0.019496	-0.113659	-0.024583	0.927153	-0.373876	0.112669	0.374176	0.920488						
04357														-1.919944	-8.352269	-6.248535	0.992359	-0.022443	-0.121329	-0.027810	0.917334	-0.397147	0.120213	0.397486	0.909700						
04358														-0.417082	-5.968874	-7.636548	0.991888	-0.025557	-0.124516	-0.027658	0.912717	-0.407655	0.124066	0.407792	0.904607						
04359														0.183066	-2.350123	-8.919789	0.991975	-0.031354	-0.122481	-0.021930	0.911406	-0.410923	0.124514	0.410312	0.903405						
04360														-1.055066	-2.669553	-4.664045	0.991819	-0.027244	-0.124711	-0.025511	0.914948	-0.402765	0.125077	0.402651	0.906768						
04361														0.740157	-4.063062	-3.916110	0.992961	-0.028128	-0.115052	-0.017044	0.927346	-0.373818	0.117208	0.373148	0.920339						
04362														0.165065	-4.608605	-4.369594	0.994718	-0.033010	-0.097194	-0.000676	0.944749	-0.327793	0.102644	0.326127	0.939737						
04363														-0.441981	-8.174178	-3.994663	0.996231	-0.041678	-0.076065	0.020091	0.964018	-0.265077	0.084375	0.262550	0.961222						
04364														-1.216353	-10.144097	-4.866942	0.997168	-0.050825	-0.055427	0.039631	0.981549	-0.187060	0.063911	0.184334	0.980784						
04365														-3.861686	-9.353313	-4.211890	0.997702	-0.057740	-0.035452	0.053761	0.993076	-0.104452	0.041237	0.102306	0.993898						
04366														-2.054149	-9.362878	-3.157177	0.998551	-0.050924	-0.017385	0.050428	0.998339	-0.027845	0.018774	0.026928	0.999461						
04367														-1.023667	-9.224278	-1.644955	0.999059	-0.043196	-0.003816	0.043289	0.998632	0.029345	0.002543	-0.029483	0.999562						
04368														-2.047817	-7.096862	-1.267996	0.999172	-0.040102	0.006852	0.039603	0.997306	0.061750	-0.009310	-0.061427	0.998068						
04369														-2.408131	-7.299446	-0.715194	0.999516	-0.024643	0.018978	0.023295	0.997395	0.068261	-0.020610	-0.067786	0.997487						
04370														-0.149747	-7.880704	-0.375345	0.999530	-0.014726	0.026906	0.013369	0.998664	0.049922	-0.027605	-0.049539	0.998391						
04371														-1.225762	-13.406478	6.025334	0.999287	-0.025797	0.027557	0.025043	0.999312	0.027359	-0.028244	-0.026650	0.999246						
04372														-3.458745	-13.106818	0.165904	0.996933	-0.073064	0.028049	0.073201	0.997310	-0.003914	-0.027688	0.005956	0.999599						
04373														-1.306673	-7.887319	-3.973124	0.993068	-0.111601	0.036908	0.112940	0.992933	-0.036453	-0.032579	0.040369	0.998654						
04374														-1.409085	-9.463931	-6.354129	0.990367	-0.130131	0.047325	0.133329	0.988437	-0.072223	-0.037379	0.077837	0.996265						
04375														-0.810237	-9.788692	-5.495891	0.990382	-0.128530	0.051225	0.133101	0.986146	-0.099000	-0.037791	0.104866	0.993768						
04376														0.447245	-10.980778	-5.031823	0.990613	-0.125579	0.054001	0.131194	0.984364	-0.117542	-0.038396	0.123524	0.991599						
04377														0.295573	-10.019358	-4.346040	0.988651	-0.137902	0.059597	0.144678	0.980839	-0.130471	-0.040463	0.137612	0.989659						
04378														-1.803303	-9.442669	-3.546506	0.985608	-0.155060	0.067326	0.163236	0.976510	-0.140649	-0.043935	0.149615	0.987768						
04379														-1.476524	-9.943751	-2.918993	0.983792	-0.163194	0.074311	0.172750	0.973671	-0.148739	-0.048081	0.159165	0.986080						
04380														-0.216067	-9.934080	-3.234953	0.983699	-0.161409	0.079269	0.172079	0.972911	-0.154379	-0.052204	0.165503	0.984827						
04381														1.000358	-9.827144	-3.049647	0.983483	-0.160464	0.083739	0.172107	0.972295	-0.158180	-0.056037	0.169980	0.983853						
04382														0.643647	-9.843242	-3.186249	0.982997	-0.161763	0.086894	0.174083	0.971525	-0.160729	-0.058420	0.173122	0.983166						
04383														0.119237	-9.949939	-2.956103	0.983398	-0.158796	0.087823	0.171340	0.971940	-0.161169	-0.059765	0.173541	0.983011						
04384														0.125091	-9.791633	-3.039913	0.984284	-0.153343	0.087582	0.165801	0.973185	-0.159442	-0.060784	0.171457	0.983315						
04385														-0.573396	-9.433810	-3.326910	0.984582	-0.150853	0.088550	0.163299	0.974135	-0.156189	-0.062698	0.168242	0.983750						
04386														-1.345345	-9.375502	-3.117364	0.984717	-0.148939	0.090276	0.161454	0.975026	-0.152504	-0.065308	0.164749	0.984171						
04387														0.356585	-9.669773	-3.118747	0.985247	-0.145003	0.090895	0.157350	0.976397	-0.147949	-0.067296	0.160069	0.984809						
04388														0.319008	-9.503957	-2.783550	0.985079	-0.145431	0.092025	0.157515	0.977306	-0.141637	-0.069338	0.154019	0.985632						
04389														0.112331	-9.643302	-2.511149	0.985964	-0.139912	0.091107	0.151412	0.979238	-0.134786	-0.070357	0.146689	0.986677						
04390														0.246594	-9.407129	-1.834285	0.987034	-0.133669	0.088865	0.144423	0.981166	-0.128275	-0.070045	0.139446	0.987749						
04391														-0.068352	-8.910055	-0.602602	0.988800	-0.122732	0.084926	0.132716	0.983351	-0.124128	-0.068278	0.134009	0.988625						
04392														0.757892	-7.877350	0.873586	0.991437	-0.104535	0.078269	0.113926	0.985323	-0.127120	-0.063831	0.134949	0.988794						
04393														1.930623	-7.756502	1.450215	0.993993	-0.084846	0.069135	0.093933	0.985542	-0.141006	-0.056172	0.146653	0.987592						
04394														1.446706	-6.919806	2.471016	0.995629	-0.072982	0.058280	0.081773	0.982657	-0.166430	-0.045123	0.170468	0.984330						
04395														2.130357	-9.405921	1.200863	0.996425	-0.070239	0.046945	0.078323	0.976314	-0.201686	-0.031666	0.204642	0.978325						
04396														-0.010358	-11.638265	-0.321305	0.996603	-0.073999	0.036154	0.080558	0.967163	-0.241053	-0.017129	0.243147	0.969838						
04397														0.594238	-11.624532	-0.944563	0.997154	-0.072083	0.022109	0.075393	0.956488	-0.281862	-0.000829	0.282726	0.959200						
04398														-1.975435	-11.089726	-0.384649	0.997643	-0.068247	0.007190	0.066841	0.942631	-0.327076	0.015545	0.326786	0.944971						
04399														-1.971992	-11.572375	0.236592	0.998083	-0.061422	-0.007551	0.054042	0.924541	-0.377231	0.030152	0.376100	0.926088						
04400														-1.717416	-13.484201	-0.864052	0.997950	-0.059871	-0.022596	0.044327	0.901412	-0.430687	0.046154	0.428803	0.902218						
04401														-2.826746	-12.650874	-3.764941	0.997101	-0.067118	-0.035832	0.041585	0.875147	-0.482066	0.063713	0.479179	0.875402						
04402														-2.408382	-10.715088	-7.318632	0.996486	-0.071201	-0.044104	0.037262	0.848496	-0.527888	0.075008	0.524390	0.848168						
04403														0.816401	-9.429429	-7.817426	0.996121	-0.065548	-0.058705	0.021034	0.825188	-0.564467	0.085442	0.561043	0.823365						
04404														-0.495193	-9.306610	-5.282500	0.995233	-0.075336	-0.061930	0.024524	0.807945	-0.588747	0.094390	0.584422	0.805942						
04405														-2.797182	-8.280474	-4.614594	0.994659	-0.083585	-0.060549	0.031174	0.802546	-0.595776	0.098391	0.590706	0.800865						
04406														-2.913230	-7.837089	-4.672064	0.994577	-0.080906	-0.065349	0.027341	0.809654	-0.586271	0.100343	0.581305	0.807475						
04407														-1.679093	-7.510078	-5.086536	0.994810	-0.072157	-0.071743	0.019575	0.827613	-0.560957	0.099852	0.556642	0.824730						
04408														-0.834986	-7.874038	-5.363934	0.995229	-0.064730	-0.072999	0.017091	0.852311	-0.522756	0.096056	0.519014	0.849351						
04409														-0.896591	-7.783801	-5.590008	0.995552	-0.064899	-0.068299	0.024926	0.880519	-0.473355	0.090859	0.469547	0.878220						
04410														-1.915147	-8.210987	-5.553906	0.995757	-0.068219	-0.061761	0.036549	0.909126	-0.414915	0.084453	0.410897	0.907761						
04411														-1.869692	-8.428634	-5.535661	0.996069	-0.069163	-0.055350	0.045635	0.936173	-0.348566	0.075926	0.344670	0.935648						
04412														-1.471478	-8.425257	-5.319358	0.996621	-0.066694	-0.047938	0.050926	0.959684	-0.276431	0.064442	0.273055	0.959838						
04413														-0.618582	-8.524116	-4.759459	0.997260	-0.062946	-0.038861	0.053780	0.977616	-0.203410	0.050795	0.200763	0.978322						
04414														-0.169229	-8.516320	-4.658860	0.997395	-0.066638	-0.027616	0.062329	0.988874	-0.135066	0.036309	0.132993	0.990452						
04415														-0.501499	-8.055613	-4.823707	0.996704	-0.079878	-0.014151	0.078579	0.993993	-0.076184	0.020152	0.074821	0.996993						
04416														-1.101210	-7.248058	-4.907353	0.995455	-0.095224	-0.001308	0.095136	0.994971	-0.031341	0.004286	0.031074	0.999508						
04417														-1.852901	-6.658439	-4.709069	0.994765	-0.101713	0.009888	0.101752	0.994804	-0.003528	-0.009478	0.004515	0.999945						
04418														-1.902290	-6.177653	-4.755103	0.995501	-0.092520	0.020425	0.092356	0.995687	0.008857	-0.021156	-0.006930	0.999752						
04419														-1.172182	-5.955490	-4.752171	0.996711	-0.074606	0.031642	0.074351	0.997190	0.009139	-0.032235	-0.006757	0.999457						
04420														-0.764546	-6.123023	-4.664703	0.997458	-0.056479	0.043438	0.056489	0.998403	0.001012	-0.043426	0.001444	0.999056						
04421														-0.076560	-6.246619	-4.355263	0.997740	-0.038975	0.054726	0.039688	0.999140	-0.012012	-0.054211	0.014157	0.998429						
04422														1.463484	-6.773416	-2.474587	0.997613	-0.027435	0.063364	0.029049	0.999273	-0.024690	-0.062641	0.026472	0.997685						
04423														2.281710	-12.007262	3.680787	0.996924	-0.041234	0.066649	0.043589	0.998462	-0.034272	-0.065134	0.037072	0.997188						
04424														-5.852780	-19.951345	0.556118	0.992046	-0.108196	0.064337	0.112147	0.991796	-0.061349	-0.057172	0.068077	0.996041						
04425														-3.602736	-7.851499	-3.817188	0.987299	-0.142881	0.069464	0.148872	0.984708	-0.090483	-0.055474	0.099675	0.993473						
04426														-4.948886	-7.057571	-5.449243	0.984991	-0.152163	0.081476	0.161237	0.979628	-0.119716	-0.061600	0.131056	0.989459						
04427														0.840510	-9.586155	-6.377360	0.986969	-0.134383	0.088504	0.146245	0.978556	-0.145054	-0.067114	0.156107	0.985457						
04428														0.730504	-10.357188	-5.326026	0.987899	-0.122985	0.094499	0.137420	0.976563	-0.165653	-0.071911	0.176635	0.981646						
04429														2.665854	-10.085961	-4.295721	0.987421	-0.121852	0.100753	0.138650	0.973594	-0.181358	-0.075994	0.193046	0.978242						
04430														0.385141	-9.953383	-4.199793	0.985108	-0.133557	0.108284	0.152628	0.969241	-0.193074	-0.079167	0.206725	0.975191						
04431														-0.699078	-9.698864	-4.071646	0.984718	-0.133386	0.111978	0.154079	0.966953	-0.203130	-0.081183	0.217279	0.972728						
04432														0.651232	-9.473414	-4.314956	0.985211	-0.128002	0.113903	0.149878	0.965960	-0.210852	-0.083036	0.224805	0.970859						
04433														0.927580	-9.278327	-4.764200	0.985227	-0.126056	0.115920	0.148775	0.965260	-0.214802	-0.084816	0.228875	0.969754						
04434														0.083492	-9.349263	-4.393676	0.985634	-0.122264	0.116524	0.145311	0.965505	-0.216067	-0.086087	0.229895	0.969400						
04435														0.565288	-9.585239	-3.920184	0.986704	-0.114661	0.115184	0.137473	0.966850	-0.215181	-0.086693	0.228155	0.969758						
04436														0.662711	-9.532448	-3.227318	0.987321	-0.110347	0.114108	0.132721	0.968197	-0.212083	-0.087076	0.224539	0.970567						
04437														-0.435765	-9.241496	-2.065258	0.987881	-0.106340	0.113065	0.128288	0.969441	-0.209107	-0.087373	0.221077	0.971335						
04438														-0.170041	-9.369055	-1.395230	0.988803	-0.099296	0.111395	0.120982	0.970432	-0.208868	-0.087361	0.220006	0.971579						
04439														0.784548	-9.215262	-1.348278	0.989488	-0.094072	0.109840	0.115694	0.970630	-0.210931	-0.086772	0.221422	0.971310						
04440														1.420061	-8.948558	-1.428249	0.990026	-0.091162	0.107413	0.112706	0.969954	-0.215605	-0.084531	0.225561	0.970555						
04441														1.349576	-8.910962	-2.371633	0.990502	-0.089850	0.104082	0.111227	0.968605	-0.222336	-0.080837	0.231801	0.969399						
04442														0.415365	-9.431361	-2.667793	0.991245	-0.087425	0.098946	0.108241	0.967204	-0.229782	-0.075612	0.238480	0.968199						
04443														0.651444	-9.479975	-2.747214	0.992072	-0.085063	0.092503	0.104981	0.965581	-0.237976	-0.069076	0.245801	0.966856						
04444														0.056705	-9.559863	-3.123742	0.992562	-0.085807	0.086355	0.104751	0.963409	-0.246719	-0.062025	0.253930	0.965232						
04445														-0.133590	-9.616260	-2.942665	0.993400	-0.083649	0.078485	0.101183	0.961338	-0.256108	-0.054028	0.262359	0.963457						
04446														0.009492	-9.645053	-2.003672	0.994437	-0.079363	0.069262	0.095145	0.958903	-0.267307	-0.045201	0.272410	0.961119						
04447														0.361652	-9.149483	-1.249451	0.995215	-0.077247	0.059839	0.091081	0.955135	-0.281819	-0.035385	0.285921	0.957600						
04448														0.063212	-8.786133	-0.490837	0.996072	-0.073963	0.048682	0.085243	0.949751	-0.301177	-0.023960	0.304143	0.952325						
04449														0.209979	-8.525553	0.717516	0.997112	-0.067317	0.035148	0.075134	0.941786	-0.327709	-0.011042	0.329404	0.944125						
04450														0.735199	-8.991616	2.390240	0.998013	-0.060111	0.018907	0.062860	0.928677	-0.365525	0.004413	0.365987	0.930610						
04451														-0.446775	-12.735237	2.184272	0.998154	-0.060576	0.004406	0.056940	0.908057	-0.414958	0.021136	0.414443	0.909830						
04452														-2.709917	-14.609686	0.081804	0.998139	-0.060047	-0.010588	0.048076	0.881858	-0.469058	0.037502	0.467676	0.883104						
04453														-4.346783	-13.514498	-3.076744	0.998091	-0.054387	-0.029256	0.031093	0.851857	-0.522850	0.053358	0.520943	0.851922						
04454														-2.109303	-11.970069	-7.210302	0.997977	-0.048224	-0.041418	0.015868	0.819899	-0.572289	0.061556	0.570474	0.819006						
04455														0.877649	-10.679123	-9.024819	0.997424	-0.030329	-0.065007	-0.015865	0.790517	-0.612235	0.069957	0.611689	0.787999						
04456														2.161923	-9.860947	-8.018374	0.996645	-0.029700	-0.076266	-0.026115	0.767726	-0.640246	0.077567	0.640090	0.764374						
04457														-2.567722	-9.077796	-5.857623	0.996624	-0.044438	-0.069032	-0.011298	0.758609	-0.651448	0.081318	0.650029	0.755546						
04458														-3.592076	-6.548904	-6.214621	0.996580	-0.045949	-0.068681	-0.009325	0.763306	-0.645970	0.082106	0.644401	0.760267						
04459														-2.766470	-6.312500	-6.076771	0.996544	-0.032624	-0.076395	-0.022128	0.782173	-0.622668	0.080069	0.622206	0.778748						
04460														-0.684465	-6.697821	-6.229371	0.996797	-0.019405	-0.077585	-0.029787	0.810236	-0.585347	0.074221	0.585783	0.807062						
04461														-1.043674	-6.728008	-5.893110	0.997486	-0.017332	-0.068710	-0.022318	0.843445	-0.536752	0.067256	0.536937	0.840937						
04462														-1.663920	-6.886818	-5.819716	0.998190	-0.021220	-0.056275	-0.008270	0.878366	-0.477917	0.059572	0.477518	0.876600						
04463														-1.978592	-7.186750	-5.987100	0.998752	-0.025683	-0.042827	0.005928	0.912522	-0.408985	0.049585	0.408221	0.911535						
04464														-1.374970	-7.533575	-6.089843	0.999029	-0.032439	-0.029825	0.020636	0.942423	-0.333786	0.038936	0.332847	0.942177						
04465														-1.071660	-7.831527	-5.571681	0.998916	-0.041756	-0.020560	0.035137	0.966248	-0.255206	0.030523	0.254207	0.966668						
04466														-0.440075	-7.866191	-5.322643	0.998220	-0.057947	-0.014132	0.054517	0.982524	-0.177971	0.024198	0.176884	0.983934						
04467														-1.769652	-7.854621	-5.036117	0.996752	-0.079831	-0.010590	0.078250	0.991191	-0.106852	0.019027	0.105676	0.994219						
04468														-2.836179	-7.636397	-4.664394	0.995403	-0.095405	-0.008416	0.094931	0.994453	-0.045295	0.012691	0.044288	0.998938						
04469														-2.273022	-7.168691	-4.604174	0.995022	-0.099541	-0.004855	0.099553	0.995029	0.002458	0.004586	-0.002929	0.999985						
04470														-1.596919	-7.189394	-4.326057	0.995543	-0.094308	-0.000038	0.094257	0.994997	0.033110	-0.003085	-0.032966	0.999452						
04471														-0.859547	-6.699340	-4.518539	0.996525	-0.083130	0.005211	0.082811	0.995540	0.045195	-0.008945	-0.044606	0.998965						
04472														-0.309432	-6.500538	-4.734962	0.997326	-0.072303	0.010631	0.071829	0.996625	0.039749	-0.013469	-0.038879	0.999153						
04473														-0.190820	-6.349487	-4.974975	0.997841	-0.063642	0.016209	0.063306	0.997784	0.020494	-0.017478	-0.019424	0.999659						
04474														0.639813	-7.344440	-3.780069	0.998241	-0.055681	0.020379	0.055854	0.998407	-0.007988	-0.019901	0.009113	0.999760						
04475														-0.076803	-10.831823	0.866613	0.998190	-0.056241	0.021300	0.056839	0.997973	-0.028620	-0.019648	0.029779	0.999363						
04476														0.664036	-13.336668	4.982052	0.997279	-0.069891	0.023442	0.070773	0.996723	-0.039171	-0.020628	0.040723	0.998958						
04477														-2.566088	-14.208163	-1.616005	0.992674	-0.117430	0.028416	0.119050	0.990802	-0.064326	-0.020601	0.067237	0.997524						
04478														-5.347454	-6.785063	-3.428836	0.989670	-0.139371	0.033605	0.141892	0.985725	-0.090620	-0.020495	0.094452	0.995318						
04479														-1.958840	-9.116473	-4.617761	0.989923	-0.135728	0.040390	0.139678	0.982812	-0.120713	-0.023311	0.125138	0.991865						
04480														-0.260762	-9.748814	-4.645073	0.989308	-0.136774	0.050621	0.142746	0.979240	-0.143915	-0.029887	0.149603	0.988294						
04481														-0.069183	-9.963025	-5.316140	0.988737	-0.137409	0.059314	0.145392	0.975876	-0.162869	-0.035503	0.169658	0.984863						
04482														1.198115	-9.419968	-4.908317	0.987744	-0.141094	0.066737	0.150901	0.972508	-0.177364	-0.039877	0.185261	0.981880						
04483														-0.368648	-9.498043	-3.840948	0.985604	-0.151458	0.075134	0.163200	0.968362	-0.188790	-0.044163	0.198334	0.979139						
04484														-0.299954	-9.945582	-3.276644	0.984530	-0.155012	0.081682	0.168451	0.965664	-0.197784	-0.048218	0.208483	0.976837						
04485														0.740798	-9.534352	-4.223290	0.983733	-0.156980	0.087329	0.171921	0.963685	-0.204340	-0.052081	0.216030	0.974997						
04486														0.611877	-9.660595	-4.661884	0.983356	-0.157277	0.090968	0.173235	0.962572	-0.208435	-0.054781	0.220724	0.973797						
04487														0.752803	-9.746935	-4.848836	0.983543	-0.155483	0.092018	0.171772	0.962607	-0.209483	-0.056006	0.221842	0.973473						
04488														0.318547	-9.782149	-4.338224	0.983585	-0.155098	0.092224	0.171275	0.963316	-0.206610	-0.056796	0.219014	0.974067						
04489														-0.287209	-9.685259	-3.818521	0.983820	-0.153933	0.091664	0.169713	0.964666	-0.201534	-0.057402	0.213830	0.975183						
04490														-0.480097	-9.548551	-3.149576	0.984625	-0.149631	0.090135	0.164802	0.966792	-0.195330	-0.057914	0.207181	0.976587						
04491														0.005892	-9.384637	-2.610489	0.985948	-0.142206	0.087659	0.156624	0.969406	-0.189002	-0.058100	0.200075	0.978056						
04492														0.409998	-9.116738	-2.120433	0.986744	-0.137879	0.085590	0.151594	0.971380	-0.182865	-0.057927	0.193416	0.979405						
04493														0.108579	-9.305016	-1.887992	0.986677	-0.139057	0.084446	0.152239	0.972212	-0.177842	-0.057369	0.188328	0.980429						
04494														0.086063	-9.294193	-1.994590	0.986441	-0.141424	0.083266	0.154150	0.972538	-0.174380	-0.056318	0.184851	0.981152						
04495														0.213502	-9.068293	-1.642782	0.986654	-0.141179	0.081132	0.153420	0.972952	-0.172703	-0.054556	0.182846	0.981627						
04496														0.023243	-9.307146	-1.333919	0.987225	-0.139261	0.077413	0.150900	0.973164	-0.173728	-0.051142	0.183190	0.981746						
04497														0.072448	-9.470275	-1.321707	0.988285	-0.134547	0.072039	0.145430	0.973382	-0.177138	-0.046288	0.185539	0.981546						
04498														-0.233566	-9.674615	-1.423588	0.989569	-0.128317	0.065481	0.138314	0.973369	-0.182816	-0.040279	0.189966	0.980964						
04499														0.299832	-9.293666	-0.569702	0.991461	-0.117686	0.056164	0.126381	0.973320	-0.191512	-0.032127	0.196975	0.979882						
04500														1.682253	-8.604149	0.949819	0.993515	-0.104943	0.043761	0.111764	0.972109	-0.206188	-0.020902	0.209742	0.977533						
04501														2.418720	-8.541706	2.536371	0.994735	-0.098012	0.029940	0.102281	0.967798	-0.230012	-0.006432	0.231863	0.972727						
04502														1.569634	-9.950565	2.066567	0.994982	-0.098725	0.016246	0.099518	0.959787	-0.262498	0.010323	0.262798	0.964796						
