// General information: 
//  MT Manager version: 2022.2.0 
//  XDA version: 2022.2.0 build 7381 rev 124627 built on 2023-07-19
// Device information: 
//  DeviceId: 00B4D4CF
//  ProductCode: MTW2-3A7G6
//  Firmware Version: 4.6.0
//  Hardware Version: 2.0.0
// Device settings: 
//  Filter Profile: human(46.1)
//  Option Flags: Orientation Smoother Disabled, Position/Velocity Smoother Disabled, Continuous Zero Rotation Update Disabled, AHS Disabled, ICC Disabled
// Coordinate system: ENU
PacketCounter	SampleTimeFine	Year	Month	Day	Second	UTC_Nano	UTC_Year	UTC_Month	UTC_Day	UTC_Hour	UTC_Minute	UTC_Second	UTC_Valid	Acc_X	Acc_Y	Acc_Z	Mat[1][1]	Mat[2][1]	Mat[3][1]	Mat[1][2]	Mat[2][2]	Mat[3][2]	Mat[1][3]	Mat[2][3]	Mat[3][3]	Latitude	Longitude	Altitude	Vel_E	Vel_N	Vel_U
04221														2.519033	-9.772593	0.571452	0.996669	0.081365	-0.005563	-0.081336	0.996673	0.005291	0.005975	-0.004821	0.999971						
04222														2.207522	-9.501761	0.632250	0.996925	0.078181	-0.005227	-0.078159	0.996931	0.004341	0.005550	-0.003919	0.999977						
04223														1.752425	-9.447846	0.638655	0.996993	0.077359	-0.004476	-0.077348	0.997001	0.002416	0.004649	-0.002062	0.999987						
04224														2.056734	-9.560418	0.687709	0.996891	0.078726	-0.003300	-0.078727	0.996896	-0.000245	0.003271	0.000504	0.999995						
04225														2.015437	-9.560765	0.591413	0.996928	0.078284	-0.002653	-0.078290	0.996928	-0.002175	0.002475	0.002376	0.999994						
04226														1.925613	-9.528418	0.535723	0.996867	0.079052	-0.002571	-0.079063	0.996861	-0.004248	0.002227	0.004438	0.999988						
04227														1.987114	-9.459942	0.538360	0.996817	0.079671	-0.002794	-0.079686	0.996802	-0.005987	0.002308	0.006190	0.999978						
04228														2.042484	-9.605874	0.533789	0.996777	0.080159	-0.003319	-0.080181	0.996756	-0.006988	0.002748	0.007231	0.999970						
04229														2.061167	-9.955462	0.633051	0.996682	0.081215	-0.005365	-0.081252	0.996668	-0.007081	0.004772	0.007493	0.999961						
04230														1.752199	-10.233926	1.189389	0.996481	0.083351	-0.008821	-0.083395	0.996505	-0.004708	0.008397	0.005427	0.999950						
04231														1.210732	-9.593738	1.431704	0.995888	0.089831	-0.011705	-0.089856	0.995953	-0.001659	0.011508	0.002704	0.999930						
04232														1.913529	-9.281184	1.152222	0.994945	0.099392	-0.014355	-0.099386	0.995048	0.001113	0.014395	0.000320	0.999896						
04233														2.355939	-9.231987	0.947390	0.994465	0.103570	-0.017675	-0.103469	0.994611	0.006542	0.018257	-0.004677	0.999822						
04234														1.886833	-9.180635	0.692399	0.993801	0.109322	-0.020215	-0.109112	0.993966	0.011234	0.021321	-0.008959	0.999733						
04235														2.505479	-9.383247	0.741810	0.993360	0.112990	-0.021641	-0.112659	0.993505	0.015977	0.023306	-0.013433	0.999638						
04236														1.582754	-9.533563	0.260969	0.992562	0.119596	-0.022747	-0.119158	0.992679	0.019721	0.024939	-0.016864	0.999547						
04237														2.407278	-9.768701	0.232396	0.991310	0.129532	-0.022923	-0.129036	0.991397	0.021951	0.025569	-0.018802	0.999496						
04238														2.137111	-9.634554	0.096711	0.990614	0.134671	-0.023420	-0.134083	0.990652	0.025103	0.026582	-0.021727	0.999411						
04239														1.351510	-9.432430	0.292725	0.989120	0.145109	-0.024168	-0.144490	0.989173	0.025665	0.027631	-0.021894	0.999378						
04240														1.545179	-9.487650	0.424461	0.986047	0.164679	-0.024352	-0.164149	0.986182	0.022368	0.027699	-0.018059	0.999453						
04241														3.020437	-9.601416	0.655915	0.983617	0.178660	-0.024027	-0.178222	0.983801	0.019299	0.027086	-0.014701	0.999525						
04242														2.321260	-9.558269	0.522601	0.983404	0.179768	-0.024474	-0.179327	0.983602	0.019207	0.027526	-0.014499	0.999516						
04243														1.157007	-9.484240	0.514301	0.982622	0.183934	-0.024951	-0.183520	0.982851	0.017999	0.027833	-0.013107	0.999527						
04244														1.964470	-9.630654	0.377105	0.980372	0.195647	-0.024357	-0.195340	0.980629	0.014440	0.026711	-0.009399	0.999599						
04245														2.997543	-9.780046	0.705306	0.980888	0.192984	-0.024830	-0.192655	0.981151	0.015065	0.027269	-0.009993	0.999578						
04246														1.196771	-9.408281	0.617547	0.981804	0.188085	-0.026157	-0.187721	0.982096	0.015742	0.028650	-0.010545	0.999534						
04247														1.427150	-9.472817	0.706425	0.981002	0.192220	-0.026199	-0.191937	0.981322	0.012941	0.028197	-0.007666	0.999573						
04248														2.308208	-9.645174	0.744009	0.980844	0.193040	-0.026102	-0.192817	0.981175	0.010826	0.027701	-0.005585	0.999601						
04249														1.813579	-9.579642	0.646339	0.981297	0.190668	-0.026502	-0.190491	0.981647	0.009063	0.027743	-0.003845	0.999608						
04250														1.575380	-9.690760	0.539793	0.980988	0.192208	-0.026823	-0.192098	0.981353	0.006624	0.027596	-0.001346	0.999618						
04251														1.875841	-9.689684	0.581189	0.980243	0.195931	-0.027095	-0.195899	0.980617	0.003839	0.027322	0.001545	0.999625						
04252														2.040454	-9.694237	0.602809	0.979894	0.197612	-0.027532	-0.197643	0.980273	0.001613	0.027308	0.003861	0.999620						
04253														1.730786	-9.552834	0.617017	0.979360	0.200167	-0.028043	-0.200270	0.979740	-0.000894	0.027296	0.006491	0.999606						
04254														2.013161	-9.552843	0.650708	0.978732	0.203205	-0.028143	-0.203389	0.979090	-0.003814	0.026780	0.009457	0.999597						
04255														2.217166	-9.488579	0.703771	0.978902	0.202409	-0.027951	-0.202648	0.979233	-0.006003	0.026155	0.011541	0.999591						
04256														1.707816	-9.425546	0.654662	0.978854	0.202705	-0.027487	-0.203014	0.979135	-0.008917	0.025106	0.014308	0.999582						
04257														2.134650	-9.662193	0.583579	0.978685	0.203684	-0.026251	-0.204053	0.978883	-0.012242	0.023203	0.017338	0.999580						
04258														2.205922	-9.689804	0.653897	0.979480	0.199970	-0.025105	-0.200358	0.979623	-0.013980	0.021798	0.018724	0.999587						
04259														1.241332	-9.653282	0.420660	0.979333	0.200816	-0.024073	-0.201233	0.979408	-0.016316	0.020301	0.020823	0.999577						
04260														2.093307	-9.590097	0.457401	0.978318	0.205830	-0.022976	-0.206274	0.978311	-0.018954	0.018576	0.023283	0.999556						
04261														2.132490	-9.486825	0.594023	0.978686	0.204109	-0.022637	-0.204555	0.978661	-0.019495	0.018175	0.023710	0.999554						
04262														1.348828	-9.571943	0.533157	0.978698	0.204093	-0.022294	-0.204542	0.978650	-0.020149	0.017706	0.024280	0.999548						
04263														1.891077	-9.614478	0.431844	0.978391	0.205575	-0.022142	-0.206035	0.978319	-0.021012	0.017342	0.025120	0.999534						
04264														1.876156	-9.621937	0.379166	0.978677	0.204141	-0.022760	-0.204606	0.978631	-0.020416	0.018106	0.024638	0.999532						
04265														1.675617	-9.689473	0.336667	0.978516	0.204796	-0.023770	-0.205277	0.978502	-0.019896	0.019184	0.024348	0.999519						
04266														1.952816	-9.689799	0.441051	0.978422	0.205097	-0.025019	-0.205599	0.978442	-0.019496	0.020482	0.024219	0.999497						
04267														1.911334	-9.636557	0.382495	0.978505	0.204549	-0.026230	-0.205077	0.978555	-0.019322	0.021715	0.024286	0.999469						
04268														1.957085	-9.736647	0.208238	0.978594	0.203992	-0.027219	-0.204558	0.978652	-0.019914	0.022575	0.025056	0.999431						
04269														2.231297	-9.696834	0.279578	0.979156	0.201126	-0.028318	-0.201707	0.979254	-0.019373	0.023834	0.024681	0.999411						
04270														1.784139	-9.744747	0.334107	0.979676	0.198455	-0.029153	-0.199038	0.979815	-0.018627	0.024868	0.024051	0.999401						
04271														1.616488	-9.590893	0.407748	0.979601	0.198703	-0.029992	-0.199299	0.979766	-0.018382	0.025732	0.023984	0.999381						
04272														2.323615	-9.602375	0.407891	0.979757	0.197853	-0.030486	-0.198450	0.979947	-0.017922	0.026329	0.023609	0.999374						
04273														1.719039	-9.561131	0.380960	0.980454	0.194267	-0.031140	-0.194820	0.980712	-0.015802	0.027470	0.021560	0.999390						
04274														1.580483	-9.565457	0.562590	0.980451	0.194165	-0.031875	-0.194695	0.980757	-0.014451	0.028455	0.020374	0.999387						
04275														2.339232	-9.538039	0.669331	0.980902	0.191733	-0.032719	-0.192247	0.981256	-0.013330	0.029550	0.019366	0.999376						
04276														1.957631	-9.543485	0.592988	0.982548	0.182880	-0.033971	-0.183317	0.983001	-0.010200	0.031528	0.016249	0.999371						
04277														0.926074	-9.454169	0.445961	0.982751	0.181638	-0.034747	-0.182040	0.983252	-0.008738	0.032578	0.014912	0.999358						
04278														1.611824	-9.384825	0.436154	0.981225	0.189708	-0.034776	-0.190160	0.981700	-0.010175	0.032209	0.016597	0.999343						
04279														2.704957	-9.768839	0.728490	0.980304	0.194426	-0.034690	-0.194907	0.980760	-0.011029	0.031878	0.017573	0.999337						
04280														1.905239	-9.863072	0.728101	0.981318	0.189215	-0.034831	-0.189650	0.981804	-0.009632	0.032375	0.016058	0.999347						
04281														0.819783	-9.700935	0.445791	0.980664	0.192639	-0.034480	-0.193091	0.981127	-0.010261	0.031853	0.016720	0.999353						
04282														2.375846	-9.766985	0.523403	0.978488	0.203540	-0.033647	-0.204027	0.978895	-0.011721	0.030551	0.018334	0.999365						
04283														2.507654	-9.493303	0.720358	0.978328	0.204262	-0.033929	-0.204720	0.978763	-0.010577	0.031048	0.017294	0.999368						
04284														1.270359	-9.678771	0.552476	0.978591	0.203009	-0.033860	-0.203459	0.979028	-0.010394	0.031040	0.017061	0.999373						
04285														1.585549	-9.655129	0.344134	0.978532	0.203360	-0.033471	-0.203832	0.978940	-0.011328	0.030462	0.017907	0.999376						
04286														1.736703	-9.426197	0.232436	0.977927	0.206173	-0.033926	-0.206688	0.978328	-0.012397	0.030635	0.019135	0.999347						
04287														2.200965	-9.420367	0.323788	0.977220	0.209516	-0.033833	-0.210058	0.977598	-0.013341	0.030280	0.020144	0.999338						
04288														2.022708	-9.565575	0.584849	0.977827	0.206723	-0.033472	-0.207251	0.978200	-0.013116	0.030031	0.019763	0.999354						
04289														1.247066	-9.610959	0.490480	0.977790	0.207005	-0.032813	-0.207542	0.978128	-0.013871	0.029224	0.020373	0.999365						
04290														1.966996	-9.528584	0.379382	0.976723	0.212170	-0.031565	-0.212747	0.976974	-0.016142	0.027414	0.022482	0.999371						
04291														2.257268	-9.659419	0.440544	0.977064	0.210765	-0.030407	-0.211329	0.977273	-0.016658	0.026205	0.022702	0.999399						
04292														1.435336	-9.544793	0.385282	0.977074	0.210862	-0.029386	-0.211423	0.977238	-0.017491	0.025029	0.023303	0.999415						
04293														1.773784	-9.684011	0.336533	0.976320	0.214509	-0.028015	-0.215082	0.976405	-0.019312	0.023211	0.024880	0.999421						
04294														2.326537	-9.772839	0.376978	0.976287	0.214788	-0.026996	-0.215352	0.976331	-0.020023	0.022057	0.025362	0.999435						
04295														1.844736	-9.510710	0.424300	0.977502	0.209208	-0.026856	-0.209745	0.977572	-0.018975	0.022284	0.024181	0.999459						
04296														1.361978	-9.325635	0.438382	0.977612	0.208707	-0.026745	-0.209241	0.977680	-0.018986	0.022186	0.024157	0.999462						
04297														1.685620	-9.651332	0.477499	0.976988	0.211696	-0.026077	-0.212221	0.977030	-0.019327	0.021387	0.024417	0.999473						
04298														2.048577	-9.673840	0.508290	0.976961	0.211838	-0.025911	-0.212353	0.977007	-0.019047	0.021280	0.024111	0.999483						
04299														1.798889	-9.653693	0.462367	0.977635	0.208686	-0.026094	-0.209169	0.977725	-0.017401	0.021881	0.022470	0.999508						
04300														1.324058	-9.627995	0.394905	0.977396	0.209780	-0.026248	-0.210249	0.977507	-0.016612	0.022172	0.021755	0.999517						
04301														1.994156	-9.562520	0.529065	0.977047	0.211364	-0.026552	-0.211818	0.977184	-0.015641	0.022640	0.020906	0.999525						
04302														1.710142	-9.528117	0.549115	0.977337	0.209937	-0.027171	-0.210375	0.977515	-0.014391	0.023539	0.019781	0.999527						
04303														1.349713	-9.443753	0.487400	0.976826	0.212232	-0.027743	-0.212688	0.977010	-0.014663	0.023993	0.020223	0.999508						
04304														2.014471	-9.511954	0.544334	0.975925	0.216273	-0.028216	-0.216756	0.976105	-0.015338	0.024225	0.021085	0.999484						
04305														1.933536	-9.512723	0.371636	0.975691	0.217198	-0.029198	-0.217719	0.975880	-0.016000	0.025019	0.021968	0.999446						
04306														1.579150	-9.581054	0.328398	0.975253	0.219020	-0.030213	-0.219602	0.975433	-0.017464	0.025646	0.023667	0.999391						
04307														1.919573	-9.725772	0.374434	0.974274	0.223211	-0.031104	-0.223865	0.974427	-0.019404	0.025977	0.025868	0.999328						
04308														2.257993	-9.795062	0.455277	0.974097	0.223856	-0.032002	-0.224556	0.974252	-0.020204	0.026655	0.026867	0.999284						
04309														1.923641	-9.599926	0.485435	0.974039	0.224028	-0.032554	-0.224774	0.974176	-0.021389	0.026922	0.028151	0.999241						
04310														1.854318	-9.550802	0.456559	0.974120	0.223672	-0.032562	-0.224450	0.974225	-0.022545	0.026680	0.029270	0.999215						
04311														1.887320	-9.586990	0.345270	0.973944	0.224482	-0.032273	-0.225281	0.974006	-0.023678	0.026119	0.030331	0.999199						
04312														1.897278	-9.691104	0.315603	0.973829	0.225016	-0.032009	-0.225829	0.973858	-0.024545	0.025649	0.031131	0.999186						
04313														1.790221	-9.639701	0.369055	0.973585	0.226052	-0.032125	-0.226883	0.973598	-0.025109	0.025601	0.031735	0.999168						
04314														1.842784	-9.580171	0.335085	0.973184	0.227758	-0.032233	-0.228612	0.973173	-0.025882	0.025473	0.032557	0.999145						
04315														2.041974	-9.643116	0.359658	0.973290	0.227323	-0.032113	-0.228174	0.973275	-0.025923	0.025362	0.032558	0.999148						
04316														1.732108	-9.632235	0.314090	0.973552	0.226211	-0.032032	-0.227061	0.973534	-0.025971	0.025309	0.032558	0.999149						
04317														1.739942	-9.604956	0.257589	0.973422	0.226778	-0.031968	-0.227633	0.973394	-0.026210	0.025174	0.032791	0.999145						
04318														1.954975	-9.612793	0.187426	0.973087	0.228209	-0.031968	-0.229074	0.973045	-0.026622	0.025031	0.033229	0.999134						
04319														2.036628	-9.589028	0.297452	0.973536	0.226272	-0.032073	-0.227126	0.973517	-0.026050	0.025329	0.032646	0.999146						
04320														1.400217	-9.565992	0.109807	0.973639	0.225796	-0.032290	-0.226661	0.973621	-0.026208	0.025520	0.032836	0.999135						
04321														1.819751	-9.658308	0.158501	0.973018	0.228444	-0.032410	-0.229336	0.972969	-0.027128	0.025337	0.033828	0.999106						
04322														1.816529	-9.458755	0.044790	0.972522	0.230461	-0.033007	-0.231396	0.972456	-0.028023	0.025640	0.034891	0.999062						
04323														1.961406	-9.494942	0.193815	0.972304	0.231257	-0.033839	-0.232260	0.972207	-0.029484	0.026080	0.036527	0.998992						
04324														1.696802	-9.687816	0.176914	0.972235	0.231408	-0.034783	-0.232494	0.972094	-0.031305	0.026568	0.038523	0.998904						
04325														1.618419	-9.701938	0.200188	0.971324	0.235029	-0.035942	-0.236240	0.971091	-0.034247	0.026854	0.041756	0.998767						
04326														2.164037	-9.599109	0.276392	0.969386	0.242628	-0.037719	-0.244014	0.969031	-0.037901	0.027355	0.045945	0.998569						
04327														2.095387	-9.528601	0.426795	0.967702	0.248928	-0.039836	-0.250474	0.967291	-0.040140	0.028541	0.048821	0.998400						
04328														1.670485	-9.417632	0.394310	0.964447	0.261008	-0.041436	-0.262719	0.963901	-0.043273	0.028646	0.052621	0.998204						
04329														2.840614	-9.565834	0.653918	0.961476	0.271552	-0.042712	-0.273371	0.960863	-0.044835	0.028865	0.054784	0.998081						
04330														2.754035	-10.005997	0.488184	0.960933	0.273298	-0.043780	-0.275103	0.960476	-0.042484	0.030439	0.052868	0.998137						
04331														1.205384	-9.682783	0.085295	0.959337	0.278635	-0.045113	-0.280457	0.958998	-0.040823	0.031889	0.051815	0.998147						
04332														2.227214	-9.671616	0.308193	0.955360	0.291886	-0.045717	-0.293711	0.955053	-0.040096	0.031959	0.051734	0.998149						
04333														3.034506	-9.599431	0.251950	0.954174	0.295670	-0.046167	-0.297389	0.954070	-0.036198	0.033344	0.048269	0.998278						
04334														1.647192	-9.531579	0.050647	0.954525	0.294449	-0.046715	-0.296024	0.954669	-0.031269	0.035391	0.043676	0.998419						
04335														1.191130	-9.354325	0.105945	0.952855	0.299840	-0.046503	-0.301335	0.953070	-0.029240	0.035553	0.041874	0.998490						
04336														1.767597	-9.262096	0.080867	0.949828	0.309396	-0.045839	-0.310882	0.949983	-0.029742	0.034344	0.042501	0.998506						
04337														2.141912	-9.439306	0.256177	0.947683	0.315989	-0.045256	-0.317464	0.947791	-0.030146	0.033368	0.042936	0.998520						
04338														1.622227	-9.853535	0.124147	0.946418	0.319913	-0.044141	-0.321329	0.946500	-0.029764	0.032258	0.042353	0.998582						
04339														1.562170	-10.684902	0.105188	0.946785	0.319056	-0.042440	-0.320299	0.946945	-0.026517	0.031728	0.038699	0.998747						
04340														0.715680	-10.608852	-0.501474	0.946523	0.319885	-0.042042	-0.320956	0.946847	-0.021649	0.032883	0.033985	0.998881						
04341														1.400718	-10.017899	-0.103196	0.944708	0.325090	-0.042938	-0.325947	0.945276	-0.014563	0.035854	0.027753	0.998972						
04342														1.741000	-9.566663	0.098370	0.943090	0.329387	-0.045654	-0.329998	0.943960	-0.006339	0.041008	0.021044	0.998937						
04343														1.385500	-9.206961	0.816282	0.941078	0.334452	-0.050149	-0.334754	0.942302	0.002504	0.048093	0.014431	0.998739						
04344														1.031129	-8.855445	1.495908	0.936751	0.345684	-0.054767	-0.345654	0.938305	0.010321	0.054956	0.009262	0.998446						
04345														1.507448	-8.942882	1.675704	0.929024	0.365436	-0.058056	-0.365122	0.930817	0.016296	0.059995	0.006058	0.998180						
04346														2.417493	-9.299191	2.209684	0.920075	0.387213	-0.059408	-0.386294	0.921989	0.026703	0.065113	-0.001620	0.997877						
04347														2.401234	-9.656598	2.821773	0.911398	0.407079	-0.060332	-0.405031	0.913266	0.043528	0.072819	-0.015235	0.997229						
04348														1.988793	-9.925963	3.469983	0.900460	0.430751	-0.060216	-0.427030	0.901854	0.065614	0.082569	-0.033368	0.996027						
04349														2.258190	-10.340214	3.868635	0.887145	0.457790	-0.058320	-0.451952	0.887404	0.090847	0.093343	-0.054237	0.994156						
04350														2.925217	-10.758010	3.662512	0.874545	0.482037	-0.053014	-0.473223	0.872183	0.123927	0.105975	-0.083292	0.990874						
04351														2.866629	-10.545382	3.703709	0.866009	0.497843	-0.046697	-0.484534	0.858575	0.167558	0.123511	-0.122480	0.984756						
04352														2.348159	-10.257149	3.754323	0.856562	0.514549	-0.039240	-0.495176	0.840951	0.218178	0.145262	-0.167453	0.975120						
04353														2.364225	-9.883427	3.822286	0.844676	0.534551	-0.027887	-0.507874	0.816800	0.273684	0.169076	-0.217011	0.961415						
04354														3.230051	-9.851800	4.384942	0.835260	0.549705	-0.012861	-0.514371	0.789411	0.335041	0.194326	-0.273231	0.942116						
04355														1.945289	-9.328244	4.520564	0.831004	0.556265	0.001520	-0.509927	0.760681	0.401669	0.222278	-0.334564	0.915784						
04356														1.101331	-8.753189	4.749081	0.824169	0.565947	0.021208	-0.508428	0.722871	0.467930	0.249493	-0.396436	0.883511						
04357														1.249194	-8.477768	4.988089	0.813566	0.579396	0.049093	-0.512748	0.675032	0.530491	0.274225	-0.456762	0.846268						
04358														2.116836	-8.481419	5.783175	0.806540	0.585885	0.078948	-0.510441	0.622781	0.592954	0.298235	-0.518539	0.801357						
04359														1.953740	-7.730347	6.663194	0.809214	0.578818	0.100712	-0.492116	0.574147	0.654353	0.320927	-0.579073	0.749453						
04360														0.478959	-6.788357	6.962250	0.812859	0.569591	0.121762	-0.474278	0.525910	0.706030	0.338112	-0.631652	0.697635						
04361														0.400873	-6.228805	7.290553	0.812075	0.563852	0.150352	-0.468855	0.477035	0.743379	0.347433	-0.674172	0.651753						
04362														2.199263	-5.968432	7.124159	0.808970	0.559759	0.179547	-0.470518	0.433468	0.768582	0.352393	-0.706240	0.614039						
04363														2.935403	-5.585243	6.211819	0.811818	0.551031	0.193175	-0.461449	0.402713	0.790498	0.357795	-0.730881	0.581202						
04364														1.579774	-4.752014	5.174811	0.816205	0.543013	0.197350	-0.448887	0.380953	0.808317	0.363745	-0.748340	0.554687						
04365														0.606252	-3.714405	4.775768	0.815852	0.540681	0.205060	-0.446741	0.364172	0.817191	0.367162	-0.758316	0.538655						
04366														1.486991	-3.418654	5.043682	0.813679	0.540218	0.214688	-0.451960	0.355630	0.818083	0.365593	-0.762687	0.533526						
04367														1.340752	-2.913824	5.049199	0.817616	0.535118	0.212492	-0.449220	0.362031	0.816783	0.360147	-0.763271	0.536388						
04368														0.277553	-3.015360	4.890409	0.822051	0.529606	0.209163	-0.450281	0.379774	0.808096	0.348537	-0.758479	0.550665						
04369														0.423646	-3.752560	5.351650	0.825388	0.524988	0.207658	-0.457525	0.406508	0.790837	0.330765	-0.747756	0.575722						
04370														1.780652	-5.153763	5.742980	0.830763	0.519244	0.200547	-0.462677	0.443861	0.767410	0.309458	-0.730324	0.608985						
04371														1.483623	-6.237521	5.289692	0.838837	0.511575	0.186129	-0.463410	0.491615	0.737269	0.285665	-0.704702	0.649454						
04372														0.900182	-7.485855	5.356235	0.841226	0.510466	0.178224	-0.475989	0.542827	0.691934	0.256464	-0.666906	0.699616						
04373														1.811511	-9.172361	5.349017	0.835582	0.520252	0.176466	-0.501826	0.592117	0.630530	0.223546	-0.615415	0.755838						
04374														2.859174	-9.700774	4.438821	0.828525	0.533969	0.168592	-0.526242	0.639629	0.560307	0.191350	-0.552948	0.810946						
04375														3.066618	-10.049788	4.130947	0.825389	0.544059	0.150775	-0.541349	0.686905	0.484873	0.160231	-0.481831	0.861490						
04376														2.889206	-11.250246	3.956474	0.825348	0.549736	0.128804	-0.550515	0.732826	0.399874	0.125434	-0.400944	0.907475						
04377														2.053949	-11.934287	2.683364	0.826567	0.552235	0.108738	-0.556258	0.772056	0.307418	0.085815	-0.314588	0.945341						
04378														2.913224	-12.027881	0.917593	0.824910	0.557994	0.090369	-0.563414	0.798705	0.211269	0.045709	-0.225194	0.973241						
04379														5.149133	-12.097100	0.138623	0.829353	0.554469	0.068828	-0.558613	0.820404	0.122023	0.011192	-0.139648	0.990138						
04380														5.607348	-12.125132	-0.533940	0.848432	0.527538	0.043214	-0.529155	0.847303	0.045518	-0.012602	-0.061486	0.998028						
04381														4.989499	-11.844925	-0.319522	0.874533	0.484467	0.021995	-0.484142	0.874792	-0.018590	-0.028247	0.005609	0.999585						
04382														4.020085	-11.920269	-0.140998	0.899328	0.437192	0.008457	-0.435338	0.896997	-0.076664	-0.041102	0.065264	0.997021						
04383														3.664538	-12.045295	0.062764	0.919079	0.394068	0.002184	-0.390547	0.911578	-0.128446	-0.052607	0.117199	0.991714						
04384														3.161863	-11.517298	-0.154522	0.932554	0.361031	-0.000366	-0.355699	0.918607	-0.172160	-0.061819	0.160678	0.985069						
04385														2.753097	-10.366306	-0.360060	0.938361	0.345615	-0.005397	-0.339002	0.917133	-0.209632	-0.067502	0.198540	0.977765						
04386														3.235175	-9.479081	-0.017699	0.938891	0.343884	-0.015105	-0.337021	0.909454	-0.243538	-0.070012	0.233746	0.969774						
04387														3.602699	-9.117548	0.860762	0.938040	0.345523	-0.026360	-0.339226	0.900082	-0.273456	-0.070759	0.265455	0.961523						
04388														3.222772	-8.435864	1.756235	0.937975	0.344871	-0.035598	-0.339265	0.891845	-0.299185	-0.071433	0.292705	0.953531						
04389														3.308054	-7.717296	2.340628	0.939187	0.340775	-0.042423	-0.335597	0.884607	-0.323798	-0.072815	0.318344	0.945175						
04390														3.765842	-7.210996	2.560818	0.942130	0.332118	-0.045704	-0.326687	0.878889	-0.347607	-0.075278	0.342422	0.936526						
04391														3.933904	-7.286192	2.465569	0.947104	0.317740	-0.045109	-0.311251	0.875180	-0.370381	-0.078207	0.364830	0.927784						
04392														3.353305	-7.875033	2.252979	0.952023	0.302909	-0.043573	-0.295345	0.872140	-0.390054	-0.080150	0.384209	0.919760						
04393														2.836849	-8.183657	1.924844	0.955287	0.292496	-0.043276	-0.284417	0.868988	-0.404928	-0.080834	0.399131	0.913324						
04394														2.747393	-8.666499	1.118243	0.957206	0.286108	-0.043582	-0.278013	0.867190	-0.413146	-0.080410	0.407582	0.909621						
04395														2.471404	-8.657369	-0.087881	0.956129	0.289225	-0.046538	-0.281969	0.865538	-0.413929	-0.079439	0.408892	0.909119						
04396														2.325519	-9.609041	-0.557737	0.950679	0.305516	-0.053562	-0.300275	0.863225	-0.405804	-0.077744	0.401873	0.912389						
04397														1.937113	-11.644560	-0.305961	0.940090	0.334764	-0.064531	-0.332757	0.859789	-0.387344	-0.074185	0.385611	0.919674						
04398														1.898816	-13.097238	0.093452	0.924306	0.373961	-0.076233	-0.375292	0.854274	-0.359683	-0.069383	0.361067	0.929955						
04399														2.181472	-12.781521	-0.289576	0.905684	0.415468	-0.084403	-0.419361	0.848709	-0.322225	-0.062241	0.327229	0.942893						
04400														2.184362	-11.615221	-1.019535	0.885163	0.456990	-0.087444	-0.462416	0.843215	-0.274154	-0.051552	0.283106	0.957702						
04401														2.078094	-10.892566	-1.087547	0.863992	0.496382	-0.084391	-0.502199	0.837500	-0.215381	-0.036233	0.228469	0.972877						
04402														1.334701	-10.698787	-0.533211	0.841833	0.534434	-0.075484	-0.539489	0.828928	-0.147750	-0.016392	0.165103	0.986140						
04403														0.637219	-11.486626	0.283438	0.813855	0.577932	-0.060288	-0.581049	0.810272	-0.076421	0.004684	0.097226	0.995251						
04404														1.061454	-12.183441	1.384039	0.780022	0.624709	-0.036102	-0.625248	0.780411	-0.004924	0.025098	0.026414	0.999336						
04405														2.203452	-12.587750	2.110988	0.748833	0.662757	-0.001794	-0.661168	0.747219	0.067233	0.045899	-0.049160	0.997736						
04406														2.542429	-12.899327	2.172191	0.725611	0.687093	0.037306	-0.684491	0.715188	0.141347	0.070437	-0.128099	0.989257						
04407														2.248214	-12.908094	2.348008	0.707165	0.702780	0.077569	-0.700092	0.680631	0.215900	0.098934	-0.206983	0.973329						
04408														2.256791	-12.335703	2.516118	0.693644	0.710322	0.119586	-0.708690	0.643264	0.289777	0.128910	-0.285751	0.949594						
04409														2.330589	-11.707724	2.874684	0.686418	0.708633	0.163309	-0.709513	0.603373	0.364050	0.159441	-0.365760	0.916950						
04410														2.155483	-11.027695	3.405500	0.683382	0.700158	0.206804	-0.704659	0.558512	0.437630	0.190907	-0.444794	0.875050						
04411														1.684758	-10.024434	3.799145	0.680228	0.688504	0.251501	-0.698982	0.505968	0.505391	0.220712	-0.519576	0.825425						
04412														1.955444	-8.984631	4.489117	0.676825	0.672701	0.298967	-0.693944	0.447510	0.564071	0.245660	-0.589243	0.769703						
04413														2.702261	-8.329751	4.825739	0.676049	0.650896	0.345387	-0.686950	0.387165	0.614982	0.266567	-0.653021	0.708876						
04414														2.751663	-7.204182	4.696249	0.681438	0.622915	0.384213	-0.672994	0.327022	0.663427	0.287613	-0.710657	0.642063						
04415														1.852470	-6.038948	4.220765	0.693167	0.590528	0.413275	-0.652138	0.269627	0.708532	0.306978	-0.760643	0.572002						
04416														1.184973	-5.015490	4.060209	0.703108	0.557638	0.441224	-0.634636	0.212224	0.743100	0.320742	-0.802496	0.503114						
04417														1.401618	-4.184129	4.986577	0.709352	0.526091	0.469092	-0.624436	0.160337	0.764442	0.326953	-0.835177	0.442246						
04418														1.923357	-3.402158	5.176396	0.715979	0.497756	0.489503	-0.616734	0.122416	0.777595	0.327129	-0.858634	0.394631						
04419														2.473744	-2.823461	4.248815	0.722069	0.474748	0.503220	-0.612997	0.101860	0.783492	0.320703	-0.874208	0.364569						
04420														2.903174	-2.522189	3.916616	0.725421	0.459068	0.512856	-0.614199	0.095413	0.783362	0.310683	-0.883263	0.351174						
04421														3.284293	-2.088197	4.145021	0.725823	0.453086	0.517586	-0.618955	0.101882	0.778790	0.300126	-0.885626	0.354388						
04422														3.550710	-1.737868	4.474269	0.726801	0.456582	0.513120	-0.622908	0.123405	0.772500	0.289388	-0.881081	0.374100						
04423														3.389852	-1.655530	4.604944	0.727584	0.468391	0.501231	-0.627986	0.160643	0.761464	0.276144	-0.868795	0.411024						
04424														3.137391	-2.100563	5.325405	0.726176	0.484840	0.487441	-0.638626	0.213132	0.739413	0.254608	-0.848236	0.464403						
04425														3.679710	-3.917688	6.840519	0.718220	0.506475	0.477120	-0.659712	0.277648	0.698349	0.221224	-0.816330	0.533540						
04426														5.251191	-5.686048	6.702430	0.716484	0.532599	0.450543	-0.672844	0.357061	0.647911	0.184205	-0.767363	0.614185						
04427														6.211883	-6.917072	4.680594	0.719114	0.560275	0.411055	-0.678451	0.438176	0.589666	0.150261	-0.702918	0.695218						
04428														6.374015	-8.528825	4.400626	0.719523	0.592236	0.362689	-0.683466	0.511286	0.521019	0.123128	-0.622771	0.772655						
04429														4.940266	-9.618135	4.334806	0.737216	0.606265	0.298253	-0.667869	0.587046	0.457524	0.102293	-0.536487	0.837686						
04430														3.301190	-10.466257	2.883588	0.761588	0.604346	0.233985	-0.642925	0.659216	0.389977	0.081434	-0.447437	0.890600						
04431														4.061530	-11.506014	2.669350	0.775982	0.604842	0.178937	-0.628072	0.714799	0.307553	0.058117	-0.351040	0.934555						
04432														4.746884	-12.085545	2.475682	0.795435	0.593225	0.123968	-0.604946	0.764931	0.221179	0.036382	-0.250927	0.967322						
04433														4.295293	-12.486636	1.727116	0.821989	0.564879	0.072425	-0.569224	0.810932	0.135550	0.017838	-0.152647	0.988120						
04434														3.512672	-12.460772	0.734032	0.847677	0.529658	0.030105	-0.530512	0.846198	0.050061	0.001041	-0.058407	0.998292						
04435														3.438442	-12.038253	0.129039	0.869938	0.493155	-0.002470	-0.492948	0.869404	-0.033757	-0.014500	0.030584	0.999427						
04436														3.467151	-11.610376	-0.702873	0.889216	0.456778	-0.025479	-0.456642	0.882810	-0.110112	-0.027804	0.109548	0.993593						
04437														3.252823	-11.026401	-1.433929	0.906024	0.421399	-0.039288	-0.421474	0.889937	-0.174275	-0.038476	0.174457	0.983913						
04438														3.712278	-10.619270	-1.320662	0.919903	0.389560	-0.044956	-0.389230	0.893093	-0.225576	-0.047726	0.225006	0.973188						
04439														4.210383	-10.241522	-0.702833	0.935639	0.350334	-0.042965	-0.348971	0.899938	-0.261401	-0.052912	0.259570	0.964274						
04440														3.656661	-9.615222	-0.432898	0.952039	0.303987	-0.034827	-0.301170	0.910900	-0.282059	-0.054018	0.279020	0.958765						
04441														2.762150	-9.261778	0.238979	0.964639	0.262507	-0.023684	-0.257749	0.920724	-0.292971	-0.055101	0.288715	0.955828						
04442														2.190508	-9.117794	1.852998	0.972129	0.234019	-0.014151	-0.227363	0.926312	-0.300421	-0.057196	0.295265	0.953702						
04443														2.222984	-8.738924	3.191302	0.975666	0.219130	-0.007670	-0.210740	0.927503	-0.308752	-0.060543	0.302855	0.951112						
04444														2.948034	-8.322742	3.527860	0.976531	0.215314	-0.005240	-0.205696	0.925147	-0.319048	-0.063848	0.312638	0.947724						
04445														3.803912	-8.516916	3.099663	0.976018	0.217584	-0.006821	-0.207704	0.921403	-0.328444	-0.065180	0.321984	0.944499						
04446														3.922096	-8.823880	2.514861	0.975005	0.221958	-0.010027	-0.212596	0.918862	-0.332409	-0.064568	0.326232	0.943082						
04447														3.291062	-8.903533	2.018676	0.973661	0.227639	-0.012831	-0.219134	0.918776	-0.328377	-0.062963	0.322539	0.944460						
04448														2.894031	-8.960315	1.483839	0.970678	0.239792	-0.016853	-0.232709	0.919800	-0.315935	-0.060257	0.310593	0.948631						
04449														2.520376	-9.006835	1.318724	0.965476	0.259506	-0.022623	-0.254466	0.921014	-0.294924	-0.055699	0.290499	0.955253						
04450														2.236858	-9.524250	1.560085	0.956807	0.289125	-0.030449	-0.286540	0.920142	-0.266895	-0.049149	0.264092	0.963244						
04451														1.854591	-10.776072	1.558753	0.942502	0.331816	-0.039851	-0.331697	0.914203	-0.232831	-0.040825	0.232662	0.971700						
04452														2.297318	-11.371778	1.842789	0.922825	0.382416	-0.046396	-0.383902	0.903018	-0.192816	-0.031839	0.195747	0.980137						
04453														2.214297	-11.588972	1.579398	0.900910	0.431477	-0.046778	-0.433491	0.889356	-0.145365	-0.021120	0.151239	0.988272						
04454														1.542800	-11.807515	1.083958	0.875830	0.480899	-0.040712	-0.482543	0.871075	-0.091543	-0.008560	0.099821	0.994969						
04455														1.327130	-12.070183	1.030420	0.849708	0.526602	-0.026209	-0.527224	0.849139	-0.031596	0.005616	0.040665	0.999157						
04456														1.095366	-13.017433	1.465090	0.822308	0.569023	-0.004690	-0.568626	0.821994	0.031454	0.021754	-0.023198	0.999494						
04457														1.407184	-14.212496	2.193421	0.792966	0.608809	0.023582	-0.607984	0.788197	0.095393	0.039489	-0.089981	0.995160						
04458														2.130191	-14.693578	2.255148	0.764733	0.641869	0.056461	-0.641525	0.750263	0.159847	0.060240	-0.158462	0.985526						
04459														2.515710	-13.989854	1.607074	0.743737	0.662257	0.090945	-0.662664	0.712521	0.230631	0.087937	-0.231795	0.968782						
04460														2.255465	-13.029142	1.062050	0.731030	0.670799	0.124992	-0.671522	0.674766	0.306186	0.121049	-0.307766	0.943731						
04461														1.715221	-12.157213	1.863036	0.720380	0.674638	0.160987	-0.675727	0.630346	0.382175	0.156352	-0.384094	0.909959						
04462														1.151588	-11.064811	2.872698	0.709616	0.675505	0.200346	-0.678125	0.577573	0.454485	0.191293	-0.458369	0.867931						
04463														1.133815	-9.577411	3.106567	0.695857	0.674956	0.245391	-0.682582	0.515320	0.518197	0.223305	-0.528090	0.819302						
04464														2.054738	-8.114097	3.375546	0.680531	0.670302	0.295927	-0.688571	0.446976	0.571037	0.250495	-0.592375	0.765731						
04465														2.757374	-6.855638	3.987636	0.672487	0.655944	0.342782	-0.686981	0.380915	0.618839	0.275353	-0.651645	0.706781						
04466														2.891148	-5.564031	4.193161	0.673210	0.635089	0.378749	-0.675884	0.320723	0.663564	0.299949	-0.702708	0.645160						
04467														2.401572	-4.526208	4.273004	0.678525	0.611865	0.406479	-0.660722	0.266535	0.701716	0.321014	-0.744702	0.585123						
04468														1.953132	-3.397358	4.496611	0.682975	0.589404	0.431449	-0.648444	0.217327	0.729582	0.336253	-0.778057	0.530624						
04469														1.969691	-2.341447	4.898709	0.685100	0.568685	0.455231	-0.642405	0.177032	0.745637	0.343442	-0.803279	0.486611						
04470														2.223481	-2.195631	5.215674	0.684639	0.551498	0.476571	-0.643487	0.150239	0.750569	0.342337	-0.820535	0.457741						
04471														2.984569	-2.514018	5.491681	0.683457	0.538535	0.492814	-0.648152	0.137100	0.749067	0.335834	-0.831374	0.442755						
04472														3.457307	-2.608886	5.704022	0.684103	0.530214	0.500876	-0.652593	0.138231	0.744993	0.325769	-0.836520	0.440578						
04473														3.347905	-2.828617	5.554937	0.687475	0.526869	0.499788	-0.656182	0.155818	0.738340	0.311132	-0.835542	0.452843						
04474														3.334627	-3.462443	5.157222	0.690938	0.528773	0.492954	-0.661428	0.187203	0.726270	0.291750	-0.827861	0.479090						
04475														3.321333	-4.046068	4.798162	0.694048	0.534720	0.482049	-0.667759	0.227897	0.708633	0.269062	-0.813718	0.515236						
04476														3.497661	-3.882292	4.884651	0.697445	0.543378	0.467238	-0.674197	0.276465	0.684854	0.242959	-0.792659	0.559163						
04477														3.997737	-3.933552	5.262933	0.700028	0.556445	0.447581	-0.681993	0.335067	0.650089	0.211769	-0.760328	0.614048						
04478														4.731629	-4.222811	5.356037	0.706628	0.572479	0.415866	-0.685141	0.406719	0.604286	0.176801	-0.711932	0.679628						
04479														4.913962	-4.916989	4.278387	0.721898	0.585706	0.368526	-0.677551	0.490000	0.548475	0.140668	-0.645638	0.750576						
04480														5.087825	-7.372505	3.340167	0.738947	0.595477	0.315222	-0.665803	0.573664	0.477092	0.103266	-0.562421	0.820377						
04481														4.848055	-11.039141	3.028939	0.760417	0.597608	0.254224	-0.645323	0.651323	0.399170	0.072965	-0.467592	0.880928						
04482														2.985367	-12.025747	2.240179	0.794941	0.577027	0.187373	-0.604609	0.727948	0.323327	0.050171	-0.370313	0.927551						
04483														1.771036	-12.961997	-0.199578	0.823986	0.551175	0.131351	-0.565932	0.789249	0.238344	0.027701	-0.270727	0.962257						
04484														2.444830	-13.622883	-0.676526	0.843760	0.529364	0.088562	-0.536697	0.830585	0.148609	0.005110	-0.172921	0.984922						
04485														3.371446	-13.799415	-0.638675	0.860526	0.506658	0.052856	-0.509194	0.858525	0.060474	-0.014739	-0.078954	0.996769						
04486														3.963409	-14.217423	-0.360783	0.878639	0.476980	0.021988	-0.476624	0.878888	-0.019624	-0.028685	0.006762	0.999566						
04487														3.821804	-13.788639	-0.309822	0.896745	0.442534	-0.003517	-0.441010	0.892937	-0.090406	-0.036867	0.082622	0.995899						
04488														3.814275	-12.783578	-0.251473	0.912739	0.407867	-0.023476	-0.406436	0.900707	-0.153418	-0.041429	0.149572	0.987883						
04489														3.949644	-11.672957	0.212814	0.925629	0.376433	-0.038855	-0.375935	0.902883	-0.208506	-0.043407	0.207607	0.977249						
04490														3.875265	-10.631970	0.725139	0.936730	0.346592	-0.049095	-0.347281	0.902519	-0.254668	-0.043956	0.255605	0.965782						
04491														3.574551	-9.772924	0.995852	0.945515	0.320914	-0.054923	-0.322521	0.900142	-0.292788	-0.044521	0.294549	0.954599						
04492														3.544464	-9.040008	1.330143	0.951597	0.301855	-0.057842	-0.303898	0.895990	-0.323803	-0.045916	0.325708	0.944355						
04493														3.570182	-8.379963	1.640767	0.956050	0.287335	-0.058373	-0.289183	0.891202	-0.349474	-0.048394	0.350995	0.935126						
04494														3.592594	-8.093990	1.767054	0.959308	0.276689	-0.056313	-0.277448	0.886631	-0.370012	-0.052449	0.370580	0.927319						
04495														3.494952	-7.998169	1.915482	0.961468	0.269844	-0.052571	-0.268870	0.883080	-0.384550	-0.057344	0.383867	0.921606						
04496														3.477184	-8.028318	1.959383	0.962628	0.266508	-0.048179	-0.263590	0.881106	-0.392648	-0.062193	0.390674	0.918426						
04497														3.320489	-8.269782	1.854262	0.962702	0.266928	-0.044205	-0.262279	0.880563	-0.394739	-0.066442	0.391610	0.917729						
04498														2.926234	-8.591408	1.548961	0.961092	0.273065	-0.041693	-0.267251	0.881030	-0.390338	-0.069855	0.386293	0.919727						
04499														2.737719	-8.944466	1.032372	0.957260	0.286336	-0.040806	-0.280017	0.882178	-0.378619	-0.072415	0.373863	0.924653						
04500														2.663669	-9.213614	0.611531	0.950856	0.306910	-0.040972	-0.300671	0.883608	-0.358934	-0.073957	0.353614	0.932463						
04501														2.241765	-9.919767	0.405853	0.941404	0.334669	-0.041901	-0.329137	0.884418	-0.330870	-0.073674	0.325273	0.942746						
04502														1.784355	-10.907792	0.300311	0.927081	0.372335	-0.043450	-0.367946	0.881682	-0.295385	-0.071673	0.289833	0.954390						
04503														1.590311	-11.820712	0.275452	0.906649	0.419598	-0.043876	-0.416356	0.873130	-0.253559	-0.068083	0.248157	0.966324						
04504														1.682889	-12.394253	0.125981	0.880872	0.471624	-0.040429	-0.469232	0.858767	-0.205768	-0.062327	0.200226	0.977765						
04505														1.931833	-12.598534	-0.351439	0.852015	0.522537	-0.032028	-0.520981	0.840284	-0.150007	-0.051471	0.144494	0.988166						
