// General information: 
//  MT Manager version: 2022.2.0 
//  XDA version: 2022.2.0 build 7381 rev 124627 built on 2023-07-19
// Device information: 
//  DeviceId: 00B4D4CC
//  ProductCode: MTW2-3A7G6
//  Firmware Version: 4.6.0
//  Hardware Version: 2.0.0
// Device settings: 
//  Filter Profile: human(46.1)
//  Option Flags: Orientation Smoother Disabled, Position/Velocity Smoother Disabled, Continuous Zero Rotation Update Disabled, AHS Disabled, ICC Disabled
// Coordinate system: ENU
PacketCounter	SampleTimeFine	Year	Month	Day	Second	UTC_Nano	UTC_Year	UTC_Month	UTC_Day	UTC_Hour	UTC_Minute	UTC_Second	UTC_Valid	Acc_X	Acc_Y	Acc_Z	Mat[1][1]	Mat[2][1]	Mat[3][1]	Mat[1][2]	Mat[2][2]	Mat[3][2]	Mat[1][3]	Mat[2][3]	Mat[3][3]	Latitude	Longitude	Altitude	Vel_E	Vel_N	Vel_U
04221														1.150027	-4.840036	8.426235	0.999988	0.000656	-0.004852	-0.000668	0.999997	-0.002503	0.004851	0.002506	0.999985						
04222														1.165470	-4.808901	8.449863	0.999988	0.000689	-0.004822	-0.000702	0.999997	-0.002528	0.004820	0.002532	0.999985						
04223														1.176629	-4.825159	8.436442	0.999988	0.000760	-0.004864	-0.000773	0.999996	-0.002698	0.004862	0.002702	0.999985						
04224														1.140639	-4.823140	8.439780	0.999988	0.000781	-0.004850	-0.000794	0.999996	-0.002851	0.004848	0.002855	0.999984						
04225														1.189450	-4.796296	8.437679	0.999987	0.000864	-0.004966	-0.000879	0.999995	-0.003105	0.004963	0.003109	0.999983						
04226														1.133416	-4.847793	8.440572	0.999987	0.000937	-0.005071	-0.000954	0.999994	-0.003341	0.005068	0.003345	0.999982						
04227														1.171284	-4.847896	8.427543	0.999986	0.000980	-0.005130	-0.000998	0.999993	-0.003529	0.005127	0.003534	0.999981						
04228														1.158102	-4.834664	8.450046	0.999986	0.001043	-0.005260	-0.001062	0.999993	-0.003668	0.005256	0.003673	0.999979						
04229														1.165882	-4.809221	8.439104	0.999985	0.001082	-0.005361	-0.001103	0.999992	-0.003876	0.005357	0.003882	0.999978						
04230														1.165873	-4.837495	8.409009	0.999984	0.001125	-0.005488	-0.001148	0.999991	-0.004145	0.005484	0.004151	0.999976						
04231														1.170927	-4.835800	8.473660	0.999983	0.001196	-0.005748	-0.001221	0.999990	-0.004383	0.005743	0.004390	0.999974						
04232														1.112085	-4.888417	8.454774	0.999982	0.001231	-0.005842	-0.001258	0.999988	-0.004659	0.005836	0.004666	0.999972						
04233														1.146059	-4.846906	8.422826	0.999982	0.001238	-0.005793	-0.001265	0.999988	-0.004781	0.005787	0.004788	0.999972						
04234														1.102103	-4.867939	8.406487	0.999983	0.001219	-0.005720	-0.001247	0.999988	-0.004781	0.005714	0.004788	0.999972						
04235														1.158073	-4.848216	8.414073	0.999984	0.001158	-0.005553	-0.001184	0.999988	-0.004710	0.005547	0.004717	0.999973						
04236														1.156028	-4.851848	8.433343	0.999985	0.001148	-0.005438	-0.001173	0.999989	-0.004522	0.005432	0.004528	0.999975						
04237														1.144233	-4.849546	8.431729	0.999985	0.001102	-0.005300	-0.001125	0.999990	-0.004309	0.005295	0.004315	0.999977						
04238														1.163230	-4.840135	8.418013	0.999986	0.001059	-0.005182	-0.001080	0.999991	-0.004093	0.005178	0.004099	0.999978						
04239														1.183042	-4.803329	8.455171	0.999986	0.001106	-0.005174	-0.001128	0.999991	-0.004079	0.005170	0.004085	0.999978						
04240														1.136888	-4.827277	8.448076	0.999986	0.001117	-0.005119	-0.001138	0.999991	-0.004186	0.005115	0.004191	0.999978						
04241														1.154100	-4.852820	8.443219	0.999986	0.001134	-0.005084	-0.001156	0.999990	-0.004289	0.005079	0.004295	0.999978						
04242														1.165133	-4.823649	8.423404	0.999987	0.001132	-0.005066	-0.001155	0.999990	-0.004364	0.005061	0.004370	0.999978						
04243														1.176252	-4.857700	8.446103	0.999987	0.001155	-0.005063	-0.001177	0.999990	-0.004423	0.005058	0.004429	0.999977						
04244														1.138642	-4.841455	8.454044	0.999986	0.001163	-0.005127	-0.001185	0.999990	-0.004405	0.005122	0.004411	0.999977						
04245														1.172986	-4.843524	8.429441	0.999986	0.001169	-0.005112	-0.001192	0.999990	-0.004410	0.005107	0.004416	0.999977						
04246														1.143492	-4.833150	8.437074	0.999987	0.001160	-0.005051	-0.001182	0.999990	-0.004355	0.005046	0.004360	0.999978						
04247														1.176447	-4.837683	8.421782	0.999987	0.001135	-0.005050	-0.001156	0.999990	-0.004292	0.005045	0.004298	0.999978						
04248														1.152232	-4.836349	8.438217	0.999987	0.001105	-0.005026	-0.001126	0.999990	-0.004254	0.005022	0.004259	0.999978						
04249														1.157808	-4.841919	8.417009	0.999986	0.001108	-0.005083	-0.001129	0.999991	-0.004135	0.005078	0.004140	0.999979						
04250														1.151379	-4.819565	8.444138	0.999987	0.001079	-0.005044	-0.001100	0.999991	-0.004052	0.005039	0.004058	0.999979						
04251														1.172342	-4.840131	8.452536	0.999987	0.001090	-0.005067	-0.001111	0.999991	-0.004099	0.005063	0.004104	0.999979						
04252														1.163339	-4.818235	8.426371	0.999986	0.001089	-0.005099	-0.001111	0.999991	-0.004173	0.005095	0.004178	0.999978						
04253														1.151501	-4.833798	8.450309	0.999986	0.001125	-0.005169	-0.001147	0.999990	-0.004314	0.005164	0.004320	0.999977						
04254														1.152389	-4.862970	8.451638	0.999986	0.001149	-0.005213	-0.001172	0.999990	-0.004395	0.005208	0.004401	0.999977						
04255														1.166507	-4.829700	8.444605	0.999985	0.001160	-0.005308	-0.001183	0.999989	-0.004438	0.005302	0.004444	0.999976						
04256														1.132637	-4.851188	8.409905	0.999985	0.001194	-0.005360	-0.001218	0.999989	-0.004450	0.005354	0.004456	0.999976						
04257														1.142748	-4.856907	8.462789	0.999985	0.001209	-0.005337	-0.001232	0.999990	-0.004340	0.005331	0.004347	0.999976						
04258														1.155536	-4.823537	8.434571	0.999985	0.001200	-0.005329	-0.001223	0.999990	-0.004321	0.005323	0.004327	0.999976						
04259														1.159185	-4.848651	8.427333	0.999985	0.001177	-0.005283	-0.001200	0.999990	-0.004307	0.005278	0.004313	0.999977						
04260														1.149068	-4.830501	8.441641	0.999985	0.001211	-0.005261	-0.001233	0.999990	-0.004186	0.005256	0.004192	0.999977						
04261														1.149599	-4.844641	8.447829	0.999986	0.001186	-0.005170	-0.001207	0.999991	-0.004101	0.005165	0.004107	0.999978						
04262														1.162834	-4.826868	8.424957	0.999987	0.001141	-0.005043	-0.001160	0.999992	-0.003950	0.005038	0.003956	0.999979						
04263														1.166428	-4.823778	8.447633	0.999987	0.001122	-0.004957	-0.001141	0.999992	-0.003880	0.004953	0.003886	0.999980						
04264														1.155956	-4.836012	8.441376	0.999988	0.001063	-0.004823	-0.001082	0.999992	-0.003845	0.004818	0.003850	0.999981						
04265														1.167126	-4.837767	8.432491	0.999989	0.001030	-0.004679	-0.001047	0.999992	-0.003771	0.004675	0.003776	0.999982						
04266														1.161610	-4.831495	8.464580	0.999989	0.001029	-0.004552	-0.001046	0.999993	-0.003669	0.004548	0.003674	0.999983						
04267														1.168599	-4.821363	8.437835	0.999989	0.001009	-0.004511	-0.001026	0.999993	-0.003705	0.004507	0.003709	0.999983						
04268														1.169357	-4.820636	8.438145	0.999989	0.001023	-0.004482	-0.001039	0.999992	-0.003748	0.004478	0.003752	0.999983						
04269														1.155709	-4.850618	8.415172	0.999990	0.001018	-0.004421	-0.001034	0.999993	-0.003726	0.004417	0.003731	0.999983						
04270														1.145952	-4.832587	8.429339	0.999990	0.001004	-0.004330	-0.001020	0.999993	-0.003641	0.004326	0.003646	0.999984						
04271														1.170423	-4.833423	8.423663	0.999991	0.001010	-0.004175	-0.001025	0.999993	-0.003550	0.004171	0.003554	0.999985						
04272														1.174361	-4.814669	8.440857	0.999991	0.001000	-0.004128	-0.001015	0.999993	-0.003522	0.004124	0.003526	0.999985						
04273														1.161527	-4.831167	8.443052	0.999991	0.001000	-0.004051	-0.001015	0.999992	-0.003746	0.004047	0.003750	0.999985						
04274														1.172089	-4.819993	8.427265	0.999991	0.000970	-0.004056	-0.000987	0.999991	-0.004140	0.004052	0.004144	0.999983						
04275														1.169470	-4.857545	8.445412	0.999991	0.000942	-0.004122	-0.000961	0.999989	-0.004565	0.004118	0.004569	0.999981						
04276														1.175753	-4.820324	8.437435	0.999991	0.000921	-0.004236	-0.000941	0.999988	-0.004809	0.004232	0.004812	0.999979						
04277														1.162168	-4.866998	8.440666	0.999990	0.000929	-0.004387	-0.000951	0.999987	-0.004950	0.004383	0.004954	0.999978						
04278														1.148250	-4.851121	8.432788	0.999989	0.000919	-0.004496	-0.000941	0.999987	-0.004925	0.004491	0.004929	0.999978						
04279														1.161353	-4.848797	8.436830	0.999989	0.000984	-0.004546	-0.001005	0.999988	-0.004790	0.004541	0.004794	0.999978						
04280														1.178884	-4.826143	8.448380	0.999989	0.001012	-0.004656	-0.001034	0.999988	-0.004707	0.004651	0.004712	0.999978						
04281														1.156415	-4.850951	8.457338	0.999988	0.001071	-0.004786	-0.001093	0.999989	-0.004598	0.004781	0.004603	0.999978						
04282														1.148414	-4.840880	8.428115	0.999988	0.001134	-0.004803	-0.001155	0.999989	-0.004471	0.004798	0.004476	0.999978						
04283														1.182893	-4.843769	8.434928	0.999988	0.001185	-0.004857	-0.001206	0.999990	-0.004361	0.004852	0.004367	0.999979						
04284														1.136518	-4.850449	8.423636	0.999987	0.001236	-0.004900	-0.001257	0.999991	-0.004173	0.004895	0.004179	0.999979						
04285														1.164810	-4.816527	8.451293	0.999987	0.001279	-0.004855	-0.001299	0.999991	-0.004075	0.004850	0.004081	0.999980						
04286														1.155413	-4.825798	8.436115	0.999987	0.001306	-0.004862	-0.001325	0.999991	-0.004025	0.004856	0.004031	0.999980						
04287														1.161417	-4.833837	8.445402	0.999987	0.001349	-0.004852	-0.001368	0.999991	-0.004052	0.004847	0.004059	0.999980						
04288														1.151522	-4.859819	8.435137	0.999987	0.001385	-0.004850	-0.001404	0.999991	-0.004023	0.004844	0.004030	0.999980						
04289														1.152300	-4.842489	8.430552	0.999987	0.001430	-0.004854	-0.001449	0.999991	-0.003996	0.004848	0.004003	0.999980						
04290														1.164529	-4.827058	8.438329	0.999987	0.001444	-0.004868	-0.001463	0.999991	-0.003889	0.004862	0.003896	0.999981						
04291														1.162894	-4.828553	8.448220	0.999987	0.001449	-0.004878	-0.001468	0.999991	-0.003900	0.004873	0.003907	0.999980						
04292														1.163561	-4.811669	8.443384	0.999987	0.001418	-0.004888	-0.001437	0.999991	-0.003933	0.004882	0.003940	0.999980						
04293														1.161930	-4.813916	8.452844	0.999987	0.001397	-0.004902	-0.001416	0.999991	-0.003982	0.004896	0.003989	0.999980						
04294														1.167344	-4.820953	8.430910	0.999987	0.001399	-0.004966	-0.001419	0.999991	-0.004091	0.004960	0.004098	0.999979						
04295														1.178339	-4.839019	8.448491	0.999986	0.001419	-0.005021	-0.001440	0.999990	-0.004161	0.005015	0.004168	0.999979						
04296														1.130415	-4.832587	8.409193	0.999986	0.001418	-0.005024	-0.001439	0.999990	-0.004203	0.005018	0.004210	0.999979						
04297														1.150095	-4.841923	8.452236	0.999986	0.001382	-0.005012	-0.001403	0.999990	-0.004189	0.005006	0.004196	0.999979						
04298														1.150935	-4.824587	8.447631	0.999987	0.001345	-0.005006	-0.001365	0.999990	-0.004141	0.005000	0.004148	0.999979						
04299														1.172012	-4.845187	8.456048	0.999987	0.001365	-0.004999	-0.001386	0.999990	-0.004192	0.004994	0.004199	0.999979						
04300														1.149534	-4.840163	8.431977	0.999987	0.001381	-0.004968	-0.001402	0.999990	-0.004231	0.004963	0.004238	0.999979						
04301														1.173221	-4.843736	8.456712	0.999987	0.001366	-0.004954	-0.001387	0.999990	-0.004241	0.004948	0.004248	0.999979						
04302														1.155060	-4.818117	8.440242	0.999987	0.001374	-0.004942	-0.001394	0.999990	-0.004203	0.004936	0.004210	0.999979						
04303														1.158852	-4.843119	8.433206	0.999987	0.001368	-0.004909	-0.001389	0.999990	-0.004168	0.004903	0.004174	0.999979						
04304														1.158148	-4.828502	8.437771	0.999987	0.001381	-0.004848	-0.001401	0.999991	-0.004107	0.004842	0.004114	0.999980						
04305														1.179603	-4.848695	8.446373	0.999987	0.001388	-0.004824	-0.001407	0.999991	-0.004089	0.004818	0.004096	0.999980						
04306														1.163934	-4.821907	8.451562	0.999988	0.001401	-0.004736	-0.001421	0.999991	-0.004075	0.004730	0.004082	0.999980						
04307														1.164963	-4.820847	8.452025	0.999988	0.001411	-0.004695	-0.001430	0.999991	-0.004084	0.004689	0.004091	0.999981						
04308														1.165155	-4.836258	8.457607	0.999988	0.001424	-0.004713	-0.001444	0.999990	-0.004158	0.004707	0.004165	0.999980						
04309														1.154345	-4.833543	8.445642	0.999988	0.001427	-0.004629	-0.001447	0.999990	-0.004194	0.004623	0.004201	0.999980						
04310														1.157451	-4.829611	8.436943	0.999989	0.001432	-0.004548	-0.001451	0.999990	-0.004159	0.004542	0.004166	0.999981						
04311														1.171980	-4.827321	8.440735	0.999989	0.001383	-0.004488	-0.001401	0.999991	-0.004071	0.004482	0.004077	0.999982						
04312														1.172886	-4.827415	8.472402	0.999989	0.001382	-0.004482	-0.001400	0.999991	-0.004012	0.004476	0.004018	0.999982						
04313														1.173328	-4.824509	8.442155	0.999989	0.001367	-0.004439	-0.001385	0.999991	-0.004030	0.004433	0.004036	0.999982						
04314														1.166436	-4.817585	8.442868	0.999989	0.001353	-0.004430	-0.001371	0.999991	-0.004077	0.004424	0.004083	0.999982						
04315														1.158623	-4.826869	8.448872	0.999989	0.001333	-0.004515	-0.001352	0.999991	-0.004121	0.004510	0.004127	0.999981						
04316														1.158337	-4.842568	8.454369	0.999989	0.001328	-0.004507	-0.001347	0.999990	-0.004217	0.004501	0.004223	0.999981						
04317														1.156757	-4.827532	8.427428	0.999989	0.001322	-0.004553	-0.001342	0.999990	-0.004314	0.004547	0.004320	0.999980						
04318														1.156931	-4.828495	8.458695	0.999989	0.001342	-0.004591	-0.001361	0.999990	-0.004265	0.004585	0.004271	0.999980						
04319														1.158700	-4.824553	8.450184	0.999988	0.001405	-0.004667	-0.001425	0.999990	-0.004296	0.004661	0.004303	0.999980						
04320														1.080832	-4.827590	8.453638	0.999989	0.001385	-0.004527	-0.001405	0.999989	-0.004424	0.004521	0.004430	0.999980						
04321														1.084617	-4.815307	8.456278	0.999993	0.001303	-0.003637	-0.001320	0.999988	-0.004796	0.003631	0.004800	0.999982						
04322														1.048284	-4.826673	8.441246	0.999996	0.001287	-0.002569	-0.001300	0.999985	-0.005265	0.002563	0.005268	0.999983						
04323														1.218341	-4.838710	8.436077	0.999999	0.001153	-0.001015	-0.001159	0.999982	-0.005900	0.001008	0.005902	0.999982						
04324														1.348340	-4.821678	8.410431	0.999999	0.001165	0.000017	-0.001165	0.999978	-0.006593	-0.000025	0.006593	0.999978						
04325														1.266467	-4.813386	8.423707	0.999999	0.001265	0.000497	-0.001261	0.999972	-0.007319	-0.000506	0.007319	0.999973						
04326														1.154432	-4.856413	8.446428	0.999999	0.001399	0.000993	-0.001391	0.999965	-0.008304	-0.001005	0.008303	0.999965						
04327														1.236615	-4.860795	8.416188	0.999998	0.001407	0.001613	-0.001392	0.999956	-0.009259	-0.001626	0.009257	0.999956						
04328														1.363990	-4.842478	8.423563	0.999997	0.001627	0.001773	-0.001609	0.999944	-0.010448	-0.001790	0.010445	0.999944						
04329														1.260942	-4.913388	8.387900	0.999997	0.001922	0.001509	-0.001904	0.999931	-0.011618	-0.001532	0.011615	0.999931						
04330														1.267265	-4.894549	8.394514	0.999997	0.002182	0.000896	-0.002171	0.999919	-0.012559	-0.000923	0.012557	0.999921						
04331														1.318198	-4.954131	8.396826	0.999997	0.002579	-0.000131	-0.002581	0.999907	-0.013418	0.000097	0.013419	0.999910						
04332														0.050885	-5.849181	8.151730	0.999990	0.003511	-0.002780	-0.003551	0.999889	-0.014462	0.002729	0.014472	0.999892						
04333														0.529751	-7.356967	6.985711	0.999977	0.004270	-0.005344	-0.004356	0.999861	-0.016074	0.005274	0.016097	0.999857						
04334														0.903109	-5.581302	8.067097	0.999950	0.004692	-0.008776	-0.004849	0.999826	-0.018000	0.008690	0.018042	0.999799						
04335														1.733046	-4.016684	8.819251	0.999917	0.005056	-0.011867	-0.005287	0.999795	-0.019529	0.011766	0.019590	0.999739						
04336														1.179944	-4.635995	8.482563	0.999875	0.005575	-0.014788	-0.005880	0.999770	-0.020635	0.014669	0.020720	0.999678						
04337														0.575658	-5.594743	8.038572	0.999829	0.005983	-0.017508	-0.006361	0.999747	-0.021590	0.017374	0.021698	0.999614						
04338														0.614278	-5.700215	8.046189	0.999781	0.005920	-0.020076	-0.006404	0.999689	-0.024114	0.019927	0.024238	0.999508						
04339														-0.021224	-5.437504	8.354387	0.999756	0.005437	-0.021423	-0.006058	0.999559	-0.029056	0.021255	0.029179	0.999348						
04340														0.015910	-5.211916	8.549317	0.999806	0.003893	-0.019305	-0.004612	0.999292	-0.037342	0.019146	0.037424	0.999116						
04341														0.784367	-5.651183	8.093565	0.999864	0.002234	-0.016354	-0.003023	0.998826	-0.048352	0.016227	0.048394	0.998696						
04342														1.116652	-5.621833	7.960289	0.999891	0.000749	-0.014774	-0.001632	0.998206	-0.059855	0.014703	0.059872	0.998098						
04343														1.485309	-4.989857	8.263606	0.999884	-0.001512	-0.015186	0.000442	0.997532	-0.070212	0.015255	0.070197	0.997416						
04344														1.217460	-5.383775	7.981246	0.999859	-0.003649	-0.016395	0.002343	0.996876	-0.078942	0.016632	0.078892	0.996744						
04345														1.051112	-6.013266	7.644140	0.999828	-0.004444	-0.017980	0.002863	0.996198	-0.087067	0.018298	0.087000	0.996040						
04346														1.134240	-5.622814	7.978963	0.999797	-0.003743	-0.019801	0.001838	0.995442	-0.095356	0.020067	0.095300	0.995246						
04347														1.473313	-5.083869	8.476548	0.999764	-0.002216	-0.021609	-0.000067	0.994463	-0.105087	0.021722	0.105063	0.994228						
04348														1.166357	-5.481802	8.474588	0.999698	-0.000631	-0.024586	-0.002262	0.993075	-0.117462	0.024490	0.117482	0.992773						
04349														0.926761	-5.672476	8.515264	0.999600	0.000303	-0.028288	-0.004095	0.990963	-0.134070	0.027992	0.134132	0.990568						
04350														0.972647	-5.172132	9.152951	0.999440	0.000291	-0.033447	-0.005549	0.987546	-0.157235	0.032985	0.157332	0.986995						
04351														1.443619	-5.200592	9.238595	0.999219	-0.000573	-0.039502	-0.006889	0.982046	-0.188517	0.038901	0.188642	0.981275						
04352														1.842500	-6.186146	8.577544	0.998761	-0.001261	-0.049752	-0.010183	0.973352	-0.229091	0.048715	0.229314	0.972133						
04353														0.712007	-6.942190	8.533535	0.997976	0.000460	-0.063583	-0.018368	0.959428	-0.281355	0.060874	0.281953	0.957495						
04354														1.543672	-6.315332	8.855579	0.996563	0.003213	-0.082770	-0.032003	0.936590	-0.348963	0.076401	0.350413	0.933474						
04355														0.972257	-7.471471	8.814770	0.994321	0.005121	-0.106298	-0.050382	0.902469	-0.427799	0.093740	0.430725	0.897602						
04356														0.064834	-8.521613	7.679882	0.992021	0.009782	-0.125695	-0.072808	0.858379	-0.507823	0.102926	0.512923	0.852242						
04357														2.524884	-9.619272	4.927704	0.988773	0.010693	-0.149044	-0.095443	0.812654	-0.574878	0.114974	0.582649	0.804551						
04358														2.930706	-8.817146	2.385992	0.982637	-0.004527	-0.185483	-0.114008	0.773971	-0.622873	0.146378	0.633205	0.760017						
04359														-1.013983	-8.507806	8.282952	0.977696	-0.021133	-0.208961	-0.120480	0.758518	-0.640418	0.172035	0.651309	0.739054						
04360														8.354251	-2.123468	10.538492	0.984940	-0.013581	-0.172360	-0.092920	0.799115	-0.593954	0.145802	0.601025	0.785819						
04361														4.980478	-1.082699	7.757339	0.991208	-0.018228	-0.131048	-0.052937	0.853095	-0.519064	0.121258	0.521438	0.844630						
04362														3.474219	-2.119613	6.754029	0.996554	-0.024066	-0.079383	-0.011127	0.909558	-0.415429	0.082201	0.414880	0.906155						
04363														2.608308	-3.074281	6.200266	0.998859	-0.035923	-0.031477	0.024776	0.953131	-0.301543	0.040834	0.300419	0.952933						
04364														2.306800	-6.779962	7.000347	0.998855	-0.047186	0.007867	0.047821	0.980524	-0.190491	0.001274	0.190649	0.981657						
04365														1.081264	-9.642309	6.913425	0.997364	-0.057369	0.044424	0.061186	0.994065	-0.089950	-0.039000	0.092431	0.994955						
04366														-1.620763	-12.951197	6.860165	0.993380	-0.065910	0.094081	0.066968	0.997722	-0.008126	-0.093331	0.014373	0.995531						
04367														-1.869090	-13.850872	3.881668	0.987283	-0.077084	0.139031	0.070734	0.996238	0.050056	-0.142367	-0.039585	0.989022						
04368														-2.685563	-14.614133	2.326932	0.982888	-0.081863	0.165012	0.069586	0.994454	0.078866	-0.170553	-0.066034	0.983133						
04369														3.532789	-12.868054	-1.427962	0.985494	-0.083696	0.147639	0.073262	0.994507	0.074752	-0.153085	-0.062851	0.986212						
04370														-3.836969	-9.814638	11.318896	0.992193	-0.088805	0.087558	0.084899	0.995263	0.047370	-0.091350	-0.039566	0.995033						
04371														-8.778956	-6.019369	14.131060	0.995329	-0.083569	0.048342	0.082314	0.996230	0.027399	-0.050450	-0.023292	0.998455						
04372														4.504057	-3.142270	9.544237	0.996114	-0.081062	0.034443	0.080855	0.996699	0.007376	-0.034927	-0.004563	0.999379						
04373														0.892755	-9.712882	8.517033	0.996697	-0.078841	0.019489	0.078991	0.996850	-0.007054	-0.018871	0.008570	0.999785						
04374														0.679118	-6.724281	7.881625	0.996945	-0.077063	0.012745	0.077196	0.996962	-0.010333	-0.011910	0.011285	0.999865						
04375														1.734852	-4.966141	8.635121	0.997082	-0.076009	0.007139	0.076083	0.997044	-0.010728	-0.006303	0.011240	0.999917						
04376														0.988899	-4.979547	8.688761	0.997132	-0.075648	0.002467	0.075671	0.997074	-0.010799	-0.001643	0.010955	0.999939						
04377														0.674763	-5.452073	8.371540	0.997124	-0.075784	-0.000368	0.075775	0.997063	-0.011101	0.001208	0.011042	0.999938						
04378														0.753263	-5.101249	8.451816	0.997091	-0.076206	-0.001318	0.076185	0.997018	-0.012259	0.002248	0.012123	0.999924						
04379														1.292571	-4.553776	8.751746	0.997055	-0.076677	-0.001168	0.076652	0.996954	-0.014372	0.002266	0.014241	0.999896						
04380														1.440195	-4.716890	8.521547	0.997050	-0.076759	-0.000584	0.076738	0.996912	-0.016691	0.001863	0.016597	0.999861						
04381														1.238669	-5.208050	8.318156	0.997064	-0.076564	-0.000840	0.076533	0.996879	-0.019363	0.002320	0.019242	0.999812						
04382														1.392963	-4.956211	8.385620	0.997086	-0.076275	-0.001606	0.076221	0.996841	-0.022329	0.003304	0.022141	0.999749						
04383														1.517966	-4.723187	8.464831	0.997130	-0.075629	-0.003337	0.075520	0.996818	-0.025495	0.005255	0.025170	0.999669						
04384														1.366969	-4.997512	8.355121	0.997182	-0.074766	-0.006179	0.074562	0.996809	-0.028490	0.008290	0.027949	0.999575						
04385														0.967056	-5.144603	8.383886	0.997226	-0.073849	-0.009285	0.073522	0.996790	-0.031676	0.011594	0.030906	0.999455						
04386														0.321073	-5.389499	8.313522	0.997270	-0.073024	-0.010971	0.072593	0.996727	-0.035579	0.013533	0.034685	0.999307						
04387														0.944830	-5.158025	8.283790	0.997280	-0.072962	-0.010449	0.072506	0.996610	-0.038881	0.013250	0.038018	0.999189						
04388														1.352321	-5.094655	8.107716	0.997315	-0.072525	-0.010154	0.072051	0.996554	-0.041102	0.013100	0.040260	0.999103						
04389														1.021248	-5.387877	8.086342	0.997370	-0.071742	-0.010333	0.071242	0.996551	-0.042560	0.013350	0.041712	0.999040						
04390														1.013226	-5.259821	8.130445	0.997431	-0.070890	-0.010246	0.070380	0.996563	-0.043702	0.013309	0.042868	0.998992						
04391														0.787623	-5.528075	8.016010	0.997505	-0.069898	-0.009903	0.069394	0.996601	-0.044397	0.012972	0.043599	0.998965						
04392														0.598949	-6.572973	7.253807	0.997579	-0.068839	-0.009821	0.068346	0.996695	-0.043915	0.012812	0.043137	0.998987						
04393														0.525044	-6.391729	7.567549	0.997647	-0.067663	-0.011026	0.067136	0.996831	-0.042679	0.013878	0.041839	0.999028						
04394														0.488323	-5.952331	7.540691	0.997701	-0.067008	-0.010091	0.066562	0.997000	-0.039504	0.012708	0.038741	0.999168						
04395														2.094924	-4.455223	8.750217	0.997726	-0.066137	-0.013017	0.065588	0.997091	-0.038818	0.015546	0.037876	0.999162						
04396														2.133254	-3.802286	9.512800	0.997701	-0.064990	-0.019223	0.064100	0.996984	-0.043752	0.022008	0.042420	0.998857						
04397														2.312383	-4.061999	9.994613	0.997626	-0.062548	-0.028801	0.060795	0.996453	-0.058189	0.032338	0.056300	0.997890						
04398														1.858451	-4.937931	10.160995	0.997604	-0.056781	-0.039516	0.053140	0.994723	-0.087764	0.044291	0.085454	0.995357						
04399														1.437304	-4.526725	11.626506	0.997420	-0.048448	-0.052980	0.040803	0.989742	-0.136914	0.059069	0.134399	0.989165						
04400														1.117433	-3.565404	12.244750	0.996597	-0.043798	-0.069824	0.028564	0.978162	-0.205870	0.077316	0.203175	0.976085						
04401														2.619484	-5.863455	11.167036	0.994774	-0.041448	-0.093310	0.012795	0.957298	-0.288818	0.101296	0.286115	0.952826						
04402														3.773868	-8.155857	9.498232	0.992109	-0.036683	-0.119892	-0.010775	0.927759	-0.373024	0.124914	0.371373	0.920043						
04403														4.081257	-6.824800	12.106019	0.983935	-0.062540	-0.167216	-0.016430	0.900940	-0.433633	0.177771	0.429414	0.885438						
04404														1.404262	-0.985264	12.190004	0.982390	-0.065379	-0.175029	-0.020157	0.894229	-0.447156	0.185751	0.442810	0.877164						
04405														3.074218	0.108524	9.914331	0.980875	-0.066753	-0.182836	-0.021830	0.895695	-0.444132	0.193412	0.439629	0.877108						
04406														2.501859	1.139659	8.459435	0.981680	-0.059893	-0.180878	-0.023170	0.904742	-0.425329	0.189122	0.421728	0.886780						
04407														1.952626	-0.297523	8.479328	0.983692	-0.050588	-0.172598	-0.022251	0.918031	-0.395885	0.178478	0.393269	0.901934						
04408														1.969190	-2.096701	8.559735	0.986454	-0.041230	-0.158770	-0.018104	0.934621	-0.355184	0.163034	0.353247	0.921215						
04409														1.476511	-3.947787	8.801018	0.989571	-0.036288	-0.139398	-0.008328	0.951717	-0.306865	0.143803	0.304825	0.941489						
04410														1.294492	-5.416061	9.232137	0.992992	-0.036002	-0.112569	0.006566	0.967807	-0.251608	0.118003	0.249106	0.961260						
04411														1.339612	-6.453294	9.189776	0.995837	-0.037162	-0.083238	0.020692	0.981445	-0.190623	0.088777	0.188107	0.978128						
04412														1.687385	-7.869660	8.960792	0.997800	-0.038488	-0.053986	0.031456	0.991588	-0.125554	0.058364	0.123580	0.990617						
04413														2.028425	-8.930985	8.123396	0.998815	-0.043268	-0.022286	0.041816	0.997203	-0.061951	0.024905	0.060945	0.997830						
04414														2.104168	-10.617720	7.188602	0.998345	-0.056874	0.008571	0.056911	0.998371	-0.004163	-0.008320	0.004644	0.999955						
04415														0.366484	-12.270312	5.729600	0.996349	-0.076432	0.038047	0.074766	0.996255	0.043437	-0.041224	-0.040434	0.998331						
04416														-1.656690	-14.051089	4.566950	0.993163	-0.094103	0.069079	0.088571	0.992916	0.079207	-0.076043	-0.072547	0.994462						
04417														-2.871046	-13.472386	3.309724	0.990585	-0.099595	0.093928	0.090026	0.990790	0.101144	-0.103137	-0.091736	0.990428						
04418														-2.253283	-12.461835	3.244072	0.989871	-0.088806	0.110766	0.076636	0.991009	0.109668	-0.119509	-0.100069	0.987777						
04419														-1.305168	-10.396767	3.151711	0.990156	-0.066827	0.122988	0.053425	0.992582	0.109211	-0.129373	-0.101565	0.986381						
04420														-0.066407	-8.739170	3.711918	0.989947	-0.042298	0.134968	0.028726	0.994475	0.100966	-0.138493	-0.096074	0.985692						
04421														1.938420	-6.643118	4.035088	0.988847	-0.023412	0.147083	0.010387	0.996003	0.088710	-0.148572	-0.086193	0.985138						
04422														2.155089	-0.867055	4.091023	0.993637	-0.039567	0.105449	0.032956	0.997424	0.063718	-0.107698	-0.059838	0.992381						
04423														-7.155860	-14.492309	19.081671	0.997940	-0.046184	0.044536	0.044824	0.998512	0.031067	-0.045904	-0.029006	0.998525						
04424														2.303380	-1.096706	11.572648	0.998411	-0.045212	0.033650	0.044929	0.998949	0.009103	-0.034027	-0.007577	0.999392						
04425														0.977530	-7.818171	9.226755	0.998704	-0.045743	0.022293	0.045944	0.998907	-0.008585	-0.021876	0.009598	0.999715						
04426														0.244723	-6.425029	8.083780	0.998866	-0.044092	0.017959	0.044407	0.998860	-0.017539	-0.017166	0.018317	0.999685						
04427														1.406934	-6.378985	7.834890	0.998931	-0.043548	0.015495	0.043918	0.998737	-0.024411	-0.014413	0.025065	0.999582						
04428														1.371624	-5.325045	8.323319	0.998990	-0.043082	0.012765	0.043438	0.998633	-0.029069	-0.011495	0.029594	0.999496						
04429														1.763736	-4.983867	8.533690	0.999015	-0.043158	0.010291	0.043470	0.998532	-0.032326	-0.008880	0.032741	0.999424						
04430														1.176088	-5.331385	8.429674	0.999032	-0.043288	0.007866	0.043540	0.998426	-0.035360	-0.006323	0.035668	0.999344						
04431														1.005861	-5.414722	8.341460	0.999022	-0.043646	0.007014	0.043885	0.998288	-0.038662	-0.005314	0.038932	0.999228						
04432														1.239890	-5.277908	8.306811	0.999013	-0.043861	0.007047	0.044117	0.998163	-0.041536	-0.005212	0.041806	0.999112						
04433														1.307324	-5.392808	8.156689	0.999002	-0.044076	0.007161	0.044346	0.998079	-0.043264	-0.005240	0.043538	0.999038						
04434														1.196965	-5.452939	8.108325	0.999002	-0.044059	0.007387	0.044342	0.998048	-0.043968	-0.005435	0.044252	0.999006						
04435														1.254276	-5.173691	8.199925	0.999003	-0.043965	0.007753	0.044266	0.998036	-0.044330	-0.005789	0.044629	0.998987						
04436														1.501622	-5.024106	8.241512	0.999012	-0.043755	0.007722	0.044057	0.998035	-0.044561	-0.005757	0.044857	0.998977						
04437														1.261216	-5.040120	8.260345	0.999035	-0.043304	0.007346	0.043592	0.998038	-0.044954	-0.005385	0.045231	0.998962						
04438														1.088790	-5.062597	8.406103	0.999046	-0.043055	0.007304	0.043350	0.997974	-0.046564	-0.005285	0.046837	0.998889						
04439														1.254437	-5.069288	8.243287	0.999046	-0.043062	0.007216	0.043364	0.997863	-0.048868	-0.005096	0.049134	0.998779						
04440														1.476408	-5.146344	8.076495	0.999033	-0.043434	0.006793	0.043724	0.997749	-0.050838	-0.004569	0.051086	0.998684						
04441														1.690867	-5.204235	7.984301	0.999051	-0.043312	0.004527	0.043488	0.997711	-0.051792	-0.002274	0.051940	0.998648						
04442														1.190761	-5.321766	8.088001	0.999088	-0.042693	0.000901	0.042681	0.997698	-0.052703	0.001352	0.052693	0.998610						
04443														1.181801	-5.216796	8.305569	0.999095	-0.042455	-0.002757	0.042244	0.997634	-0.054236	0.005053	0.054071	0.998524						
04444														1.123542	-5.182304	8.336450	0.999077	-0.042432	-0.006755	0.041985	0.997529	-0.056339	0.009129	0.056003	0.998389						
04445														1.022203	-5.292218	8.332920	0.999047	-0.042395	-0.010337	0.041709	0.997366	-0.059337	0.012825	0.058849	0.998184						
04446														0.965612	-5.236533	8.451758	0.999028	-0.041885	-0.013725	0.040920	0.997087	-0.064370	0.016381	0.063746	0.997832						
04447														1.094352	-5.053818	8.529718	0.999020	-0.041082	-0.016462	0.039799	0.996621	-0.071854	0.019358	0.071128	0.997279						
04448														1.297668	-5.207393	8.435521	0.999029	-0.039695	-0.019138	0.038017	0.995969	-0.081247	0.022286	0.080441	0.996510						
04449														1.243512	-5.516338	8.482814	0.999021	-0.038000	-0.022669	0.035748	0.995063	-0.092584	0.026075	0.091683	0.995447						
04450														1.904669	-4.967899	9.739637	0.998865	-0.038000	-0.028710	0.034626	0.993322	-0.110056	0.032700	0.108937	0.993511						
04451														3.057016	-3.536470	11.643604	0.998630	-0.035498	-0.038445	0.029536	0.988863	-0.145866	0.043194	0.144531	0.988557						
04452														2.147028	-3.540939	12.512388	0.998103	-0.028487	-0.054584	0.016582	0.978144	-0.207267	0.059296	0.205969	0.976760						
04453														2.867977	-6.004731	11.519101	0.996412	-0.022669	-0.081547	-0.001894	0.957254	-0.289242	0.084618	0.288359	0.953776						
04454														1.205161	-7.879102	10.448606	0.994360	-0.007557	-0.105785	-0.033411	0.924346	-0.380090	0.100654	0.381481	0.918880						
04455														9.168967	-7.474773	10.431986	0.988416	-0.018180	-0.150678	-0.053304	0.887969	-0.456805	0.142102	0.459545	0.876713						
04456														-0.725248	-5.284724	14.794304	0.983111	-0.034265	-0.179775	-0.058160	0.872896	-0.484427	0.173524	0.486701	0.856161						
04457														5.123266	0.476239	9.147830	0.981089	-0.035943	-0.190192	-0.063309	0.868970	-0.490799	0.182912	0.493558	0.850261						
04458														2.106618	0.437223	8.398764	0.981318	-0.029318	-0.190145	-0.066308	0.876229	-0.477311	0.180605	0.481002	0.857916						
04459														1.920140	-0.310627	7.474417	0.982576	-0.014561	-0.185292	-0.071628	0.890258	-0.449789	0.171507	0.455224	0.873703						
04460														1.834975	-1.815542	7.761903	0.984971	0.001641	-0.172712	-0.073246	0.909556	-0.409076	0.156420	0.415578	0.896006						
04461														1.587626	-3.197999	7.790186	0.988688	0.012007	-0.149503	-0.065811	0.930436	-0.360495	0.134774	0.366256	0.920702						
04462														0.936408	-4.447423	8.363247	0.992841	0.015791	-0.118394	-0.051541	0.950828	-0.305399	0.107750	0.309315	0.944835						
04463														1.029998	-6.234260	9.034703	0.996342	0.016932	-0.083764	-0.036854	0.969477	-0.242395	0.077103	0.244595	0.966555						
04464														0.459469	-7.361231	9.250476	0.998974	0.009892	-0.044195	-0.017381	0.984866	-0.172442	0.041820	0.173033	0.984028						
04465														0.165169	-8.756482	8.932798	0.999955	-0.008004	-0.005008	0.007467	0.995025	-0.099340	0.005779	0.099299	0.995041						
04466														0.240060	-10.018810	8.165815	0.999061	-0.034569	0.026129	0.035287	0.998998	-0.027528	-0.025152	0.028424	0.999279						
04467														-0.199156	-10.927413	7.060126	0.996705	-0.064019	0.049809	0.062151	0.997336	0.038184	-0.052121	-0.034963	0.998029						
04468														-0.815490	-11.952212	5.809814	0.993846	-0.086887	0.068711	0.080431	0.992532	0.091714	-0.076166	-0.085623	0.993412						
04469														-1.852326	-13.006391	4.977392	0.991507	-0.096311	0.087398	0.084401	0.987782	0.131005	-0.098947	-0.122516	0.987522						
04470														-1.702760	-13.656589	3.769871	0.990184	-0.094819	0.102692	0.078248	0.984835	0.154843	-0.115817	-0.145287	0.982587						
04471														-1.666447	-13.582694	2.725809	0.989680	-0.086816	0.114000	0.067706	0.984476	0.161936	-0.126288	-0.152546	0.980194						
04472														-0.777831	-12.698877	2.276393	0.990270	-0.073146	0.118384	0.054798	0.986948	0.151427	-0.127915	-0.143466	0.981354						
04473														1.194113	-11.344372	2.775680	0.991417	-0.060625	0.115830	0.045709	0.990804	0.127352	-0.122486	-0.120964	0.985071						
04474														1.714995	-5.646776	7.007475	0.993474	-0.060397	0.096760	0.051050	0.994040	0.096323	-0.102001	-0.090754	0.990636						
04475														2.550882	4.485413	12.009190	0.994932	-0.066721	0.075219	0.061603	0.995752	0.068426	-0.079465	-0.063446	0.994817						
04476														1.331644	-11.982506	14.857379	0.997194	-0.064541	0.037930	0.063125	0.997305	0.037395	-0.040241	-0.034896	0.998580						
04477														0.848523	-1.724352	9.122536	0.997683	-0.064997	0.020078	0.064621	0.997732	0.018831	-0.021256	-0.017489	0.999621						
04478														-0.847961	-9.562688	8.937393	0.997929	-0.063720	0.008787	0.063710	0.997968	0.001381	-0.008857	-0.000818	0.999960						
04479														1.627230	-5.010377	8.244964	0.998027	-0.062599	0.004884	0.062617	0.998031	-0.003700	-0.004643	0.003998	0.999981						
04480														1.525353	-4.900750	8.861908	0.998082	-0.061892	0.000914	0.061897	0.998052	-0.007840	-0.000427	0.007882	0.999969						
04481														0.566612	-5.629128	8.351301	0.998071	-0.062077	-0.000616	0.062067	0.998014	-0.010716	0.001280	0.010657	0.999942						
04482														1.127690	-5.841272	8.020645	0.998048	-0.062434	-0.001599	0.062409	0.997976	-0.012194	0.002358	0.012070	0.999924						
04483														0.981345	-5.022972	8.579625	0.998019	-0.062890	-0.001700	0.062863	0.997939	-0.012920	0.002509	0.012787	0.999915						
04484														1.427778	-4.565989	8.755663	0.997990	-0.063371	-0.001009	0.063351	0.997896	-0.013818	0.001883	0.013726	0.999904						
04485														1.487919	-4.997923	8.418854	0.997969	-0.063700	-0.000655	0.063684	0.997866	-0.014445	0.001574	0.014374	0.999895						
04486														1.127132	-5.347719	8.251663	0.997963	-0.063787	-0.000948	0.063766	0.997853	-0.014924	0.001898	0.014833	0.999888						
04487														1.291318	-5.060048	8.364773	0.997955	-0.063905	-0.001370	0.063876	0.997842	-0.015227	0.002340	0.015108	0.999883						
04488														1.268464	-4.865671	8.469931	0.997961	-0.063793	-0.001923	0.063757	0.997853	-0.014951	0.002872	0.014798	0.999886						
04489														1.068587	-4.873267	8.488531	0.997968	-0.063684	-0.001990	0.063648	0.997864	-0.014694	0.002921	0.014538	0.999890						
04490														1.089253	-4.893656	8.433409	0.997988	-0.063380	-0.001589	0.063351	0.997885	-0.014568	0.002509	0.014438	0.999893						
04491														1.226128	-4.890465	8.399525	0.998011	-0.063032	-0.000987	0.063010	0.997903	-0.014776	0.001916	0.014684	0.999890						
04492														1.199725	-4.833368	8.358320	0.998036	-0.062640	-0.000332	0.062629	0.997928	-0.014759	0.001256	0.014709	0.999891						
04493														1.106984	-4.924779	8.378865	0.998050	-0.062413	0.000422	0.062413	0.997943	-0.014610	0.000491	0.014607	0.999893						
04494														1.119475	-5.065595	8.247790	0.998058	-0.062275	0.001129	0.062285	0.997955	-0.014385	-0.000231	0.014427	0.999896						
04495														1.215876	-5.067962	8.266864	0.998062	-0.062216	0.001553	0.062231	0.997966	-0.013844	-0.000688	0.013914	0.999903						
04496														1.238578	-4.929195	8.340907	0.998065	-0.062166	0.001423	0.062179	0.997981	-0.012926	-0.000616	0.012990	0.999915						
04497														1.297357	-4.716521	8.469710	0.998069	-0.062107	0.001051	0.062115	0.997993	-0.012338	-0.000283	0.012379	0.999923						
04498														1.099677	-4.793449	8.549824	0.998080	-0.061925	0.001036	0.061933	0.998003	-0.012434	-0.000264	0.012474	0.999922						
04499														1.172475	-5.100534	8.334780	0.998093	-0.061714	0.001313	0.061726	0.998005	-0.013235	-0.000493	0.013290	0.999912						
04500														1.305445	-4.971684	8.446306	0.998102	-0.061563	0.001401	0.061577	0.998002	-0.014186	-0.000524	0.014246	0.999898						
04501														2.192232	-4.172621	8.676906	0.998126	-0.061189	-0.000821	0.061167	0.997997	-0.016169	0.001809	0.016088	0.999869						
04502														2.742753	-4.004842	9.197386	0.998153	-0.060223	-0.007976	0.060031	0.997945	-0.022395	0.009309	0.021874	0.999717						
04503														2.459972	-3.857064	9.748802	0.998036	-0.058350	-0.022785	0.057484	0.997661	-0.036978	0.024889	0.035596	0.999056						
04504														2.122854	-4.146655	10.643668	0.997997	-0.051550	-0.036673	0.048971	0.996478	-0.068068	0.040053	0.066135	0.997006						
04505														2.756154	-4.048549	12.527867	0.997518	-0.039323	-0.058410	0.031909	0.991914	-0.122838	0.062768	0.120669	0.990706						
