// General information: 
//  MT Manager version: 2022.2.0 
//  XDA version: 2022.2.0 build 7381 rev 124627 built on 2023-07-19
// Device information: 
//  DeviceId: 00B4D4CD
//  ProductCode: MTW2-3A7G6
//  Firmware Version: 4.6.0
//  Hardware Version: 2.0.0
// Device settings: 
//  Filter Profile: human(46.1)
//  Option Flags: Orientation Smoother Disabled, Position/Velocity Smoother Disabled, Continuous Zero Rotation Update Disabled, AHS Disabled, ICC Disabled
// Coordinate system: ENU
PacketCounter	SampleTimeFine	Year	Month	Day	Second	UTC_Nano	UTC_Year	UTC_Month	UTC_Day	UTC_Hour	UTC_Minute	UTC_Second	UTC_Valid	Acc_X	Acc_Y	Acc_Z	Mat[1][1]	Mat[2][1]	Mat[3][1]	Mat[1][2]	Mat[2][2]	Mat[3][2]	Mat[1][3]	Mat[2][3]	Mat[3][3]	Latitude	Longitude	Altitude	Vel_E	Vel_N	Vel_U
04221														1.068287	-9.867757	-0.126294	0.999942	-0.010160	0.003645	0.010221	0.999799	-0.017251	-0.003469	0.017287	0.999845						
04222														1.094445	-9.752551	-0.030804	0.999938	-0.010139	0.004560	0.010220	0.999784	-0.018124	-0.004375	0.018169	0.999825						
04223														0.920599	-9.699024	-0.163346	0.999938	-0.009694	0.005536	0.009797	0.999776	-0.018779	-0.005352	0.018832	0.999808						
04224														1.059789	-9.712622	-0.131585	0.999928	-0.010181	0.006305	0.010300	0.999765	-0.019078	-0.006109	0.019141	0.999798						
04225														1.099836	-9.735365	-0.148962	0.999922	-0.010455	0.006779	0.010585	0.999756	-0.019407	-0.006575	0.019477	0.999789						
04226														1.064009	-9.716868	-0.247350	0.999921	-0.010234	0.007331	0.010378	0.999751	-0.019761	-0.007127	0.019835	0.999778						
04227														1.097042	-9.581099	-0.178790	0.999918	-0.010382	0.007531	0.010530	0.999746	-0.019944	-0.007322	0.020022	0.999773						
04228														1.272134	-9.412880	-0.102116	0.999904	-0.011208	0.008109	0.011382	0.999699	-0.021727	-0.007863	0.021817	0.999731						
04229														1.304303	-9.946892	-0.607759	0.999862	-0.011179	0.012253	0.011486	0.999614	-0.025298	-0.011965	0.025435	0.999605						
04230														0.384065	-10.184497	-0.219373	0.999838	-0.006280	0.016892	0.006731	0.999619	-0.026767	-0.016718	0.026877	0.999499						
04231														0.672519	-10.185315	0.140631	0.999823	0.005285	0.018079	-0.004798	0.999626	-0.026917	-0.018214	0.026825	0.999474						
04232														1.254797	-9.490072	0.157563	0.999725	0.016702	0.016491	-0.016275	0.999538	-0.025664	-0.016912	0.025389	0.999535						
04233														1.175276	-9.434552	-0.053993	0.999576	0.025898	0.013318	-0.025569	0.999377	-0.024323	-0.013940	0.023973	0.999615						
04234														0.835899	-9.512237	-0.003608	0.999240	0.037723	0.009843	-0.037491	0.999038	-0.022764	-0.010692	0.022378	0.999692						
04235														1.329039	-9.529356	-0.089794	0.998718	0.050298	0.005720	-0.050170	0.998528	-0.020613	-0.006749	0.020300	0.999771						
04236														1.436897	-9.759899	-0.362526	0.998150	0.060742	0.002451	-0.060688	0.997990	-0.018246	-0.003555	0.018064	0.999831						
04237														1.412445	-9.805418	-0.443420	0.997662	0.068348	-0.000056	-0.068341	0.997536	-0.015832	-0.001026	0.015799	0.999875						
04238														1.453465	-9.634416	-0.419546	0.997433	0.071589	-0.001467	-0.071603	0.997330	-0.014350	0.000436	0.014419	0.999896						
04239														1.346190	-9.692750	-0.226203	0.997450	0.071345	-0.001951	-0.071365	0.997354	-0.013824	0.000959	0.013928	0.999903						
04240														0.895336	-9.723406	-0.040439	0.997448	0.071376	-0.001605	-0.071391	0.997346	-0.014314	0.000579	0.014392	0.999896						
04241														1.072966	-9.700915	-0.133152	0.997349	0.072742	-0.001876	-0.072762	0.997237	-0.014988	0.000780	0.015085	0.999886						
04242														1.283090	-9.676997	-0.361689	0.997436	0.071526	-0.002209	-0.071552	0.997315	-0.015609	0.001087	0.015727	0.999876						
04243														1.281985	-9.685384	-0.397602	0.997767	0.066748	-0.002201	-0.066774	0.997646	-0.015643	0.001152	0.015755	0.999875						
04244														0.952004	-9.699379	-0.282835	0.998033	0.062666	-0.001816	-0.062687	0.997906	-0.015931	0.000814	0.016014	0.999871						
04245														1.055144	-9.668919	-0.206570	0.998338	0.057590	-0.001909	-0.057615	0.998190	-0.017238	0.000913	0.017320	0.999850						
04246														1.040791	-9.765643	-0.182908	0.998663	0.051669	-0.001461	-0.051688	0.998483	-0.018965	0.000478	0.019016	0.999819						
04247														0.676119	-9.760967	-0.042054	0.998845	0.048030	-0.001304	-0.048046	0.998640	-0.020247	0.000330	0.020286	0.999794						
04248														0.901258	-9.708686	-0.192377	0.999030	0.044017	-0.001517	-0.044040	0.998797	-0.021585	0.000565	0.021631	0.999766						
04249														1.174505	-9.768626	-0.200061	0.999234	0.039121	-0.001389	-0.039143	0.998970	-0.022950	0.000490	0.022987	0.999736						
04250														0.978446	-9.791352	-0.289992	0.999380	0.035188	-0.000685	-0.035194	0.999085	-0.024315	-0.000171	0.024324	0.999704						
04251														0.888581	-9.777812	-0.313218	0.999469	0.032588	0.000361	-0.032568	0.999124	-0.026285	-0.001217	0.026260	0.999654						
04252														1.108260	-9.785549	-0.266873	0.999550	0.029978	0.000894	-0.029940	0.999142	-0.028629	-0.001752	0.028590	0.999590						
04253														1.015700	-9.797487	-0.307579	0.999605	0.028068	0.001671	-0.028003	0.999129	-0.030929	-0.002538	0.030870	0.999520						
04254														0.792482	-9.773021	-0.218730	0.999613	0.027714	0.002215	-0.027626	0.999080	-0.032811	-0.003122	0.032737	0.999459						
04255														1.132021	-9.614620	-0.119904	0.999646	0.026475	0.002650	-0.026369	0.999068	-0.034176	-0.003552	0.034094	0.999412						
04256														0.907760	-9.733029	-0.148121	0.999671	0.025425	0.003326	-0.025290	0.999047	-0.035577	-0.004228	0.035481	0.999361						
04257														0.770178	-9.818846	-0.268487	0.999614	0.027545	0.003725	-0.027390	0.998957	-0.036547	-0.004728	0.036431	0.999325						
04258														1.370016	-9.753042	-0.349955	0.999578	0.028784	0.004019	-0.028616	0.998904	-0.037032	-0.005080	0.036901	0.999306						
04259														1.115886	-9.815443	-0.460890	0.999574	0.028818	0.004652	-0.028626	0.998901	-0.037099	-0.005716	0.036950	0.999301						
04260														1.005730	-9.678817	-0.304941	0.999543	0.029831	0.004985	-0.029626	0.998869	-0.037178	-0.006088	0.037013	0.999296						
04261														1.030025	-9.607112	-0.179039	0.999514	0.030741	0.005107	-0.030526	0.998816	-0.037870	-0.006265	0.037695	0.999270						
04262														0.922504	-9.755750	-0.374138	0.999459	0.032551	0.004799	-0.032346	0.998753	-0.038021	-0.006031	0.037845	0.999265						
04263														1.067490	-9.675421	-0.438990	0.999439	0.033265	0.003963	-0.033094	0.998749	-0.037481	-0.005205	0.037329	0.999289						
04264														1.131140	-9.647615	-0.367502	0.999432	0.033560	0.002915	-0.033426	0.998726	-0.037814	-0.004180	0.037696	0.999281						
04265														0.956844	-9.771536	-0.276207	0.999406	0.034380	0.002201	-0.034269	0.998669	-0.038543	-0.003523	0.038445	0.999255						
04266														0.955133	-9.852040	-0.326244	0.999394	0.034773	0.001702	-0.034677	0.998604	-0.039836	-0.003085	0.039753	0.999205						
04267														1.025241	-9.820739	-0.357894	0.999351	0.035999	0.001196	-0.035921	0.998531	-0.040575	-0.002655	0.040506	0.999176						
04268														1.061867	-9.710590	-0.496237	0.999348	0.036107	0.000739	-0.036046	0.998493	-0.041376	-0.002231	0.041323	0.999143						
04269														1.138732	-9.705587	-0.608424	0.999467	0.032621	0.001302	-0.032533	0.998506	-0.043911	-0.002732	0.043845	0.999035						
04270														1.186798	-9.861752	-0.428084	0.999571	0.029209	0.002016	-0.029086	0.998532	-0.045703	-0.003348	0.045625	0.998953						
04271														1.012102	-9.824016	-0.467524	0.999652	0.026209	0.002954	-0.026042	0.998564	-0.046816	-0.004177	0.046722	0.998899						
04272														1.101787	-9.648238	-0.395781	0.999714	0.023640	0.003526	-0.023445	0.998577	-0.047897	-0.004654	0.047801	0.998846						
04273														1.179931	-9.615889	-0.559140	0.999774	0.020848	0.004064	-0.020624	0.998588	-0.048953	-0.005079	0.048858	0.998793						
04274														1.074855	-9.741367	-0.371549	0.999841	0.017150	0.004846	-0.016887	0.998609	-0.049948	-0.005696	0.049858	0.998740						
04275														0.796628	-9.700725	-0.150691	0.999882	0.014425	0.005197	-0.014142	0.998600	-0.050964	-0.005924	0.050884	0.998687						
04276														0.926254	-9.602525	-0.345116	0.999899	0.013236	0.005126	-0.012947	0.998523	-0.052759	-0.005816	0.052687	0.998594						
04277														1.087220	-9.689829	-0.451603	0.999910	0.012157	0.005627	-0.011831	0.998437	-0.054618	-0.006282	0.054546	0.998491						
04278														1.141724	-9.617388	-0.293518	0.999917	0.011191	0.006434	-0.010810	0.998344	-0.056510	-0.007056	0.056436	0.998381						
04279														1.051836	-9.901052	-0.371839	0.999899	0.012256	0.007178	-0.011813	0.998200	-0.058797	-0.007886	0.058707	0.998244						
04280														1.078576	-10.029327	-0.467571	0.999878	0.013587	0.007643	-0.013109	0.998145	-0.059455	-0.008437	0.059348	0.998202						
04281														1.208210	-9.788261	-0.786489	0.999873	0.013503	0.008451	-0.012980	0.998169	-0.059076	-0.009233	0.058959	0.998218						
04282														1.235515	-9.835996	-0.468421	0.999843	0.015045	0.009378	-0.014463	0.998136	-0.059293	-0.010252	0.059148	0.998197						
04283														1.004433	-9.838729	-0.187180	0.999765	0.019225	0.010009	-0.018594	0.998040	-0.059749	-0.011138	0.059549	0.998163						
04284														0.977510	-9.725441	-0.446382	0.999644	0.024579	0.010370	-0.023917	0.997925	-0.059777	-0.011818	0.059508	0.998158						
04285														1.336692	-9.695961	-0.833909	0.999586	0.026864	0.010296	-0.026206	0.997886	-0.059476	-0.011872	0.059182	0.998177						
04286														1.180099	-9.581869	-0.649563	0.999559	0.027728	0.010667	-0.027053	0.997895	-0.058943	-0.012279	0.058628	0.998204						
04287														0.936920	-9.583083	-0.562323	0.999416	0.032524	0.010484	-0.031850	0.997746	-0.059056	-0.012381	0.058688	0.998200						
04288														1.212029	-9.674021	-0.481469	0.999342	0.034767	0.010361	-0.034099	0.997682	-0.058890	-0.012385	0.058497	0.998211						
04289														1.089480	-9.783566	-0.649115	0.999320	0.035371	0.010427	-0.034712	0.997727	-0.057761	-0.012447	0.057359	0.998276						
04290														0.986764	-9.671582	-0.484198	0.999248	0.037322	0.010532	-0.036671	0.997735	-0.056396	-0.012613	0.055968	0.998353						
04291														1.129679	-9.707365	-0.463776	0.999156	0.039672	0.010615	-0.039021	0.997682	-0.055742	-0.012802	0.055281	0.998389						
04292														1.185874	-9.688578	-0.613142	0.999120	0.040480	0.011024	-0.039818	0.997703	-0.054805	-0.013217	0.054317	0.998436						
04293														1.052435	-9.690941	-0.499733	0.999059	0.041880	0.011309	-0.041207	0.997674	-0.054296	-0.013556	0.053779	0.998461						
04294														1.205328	-9.725911	-0.587815	0.998953	0.044168	0.011922	-0.043455	0.997565	-0.054546	-0.014303	0.053971	0.998440						
04295														1.256287	-9.605203	-0.554438	0.998882	0.045501	0.012817	-0.044730	0.997476	-0.055138	-0.015293	0.054503	0.998397						
04296														0.951251	-9.521261	-0.537492	0.998821	0.046681	0.013333	-0.045877	0.997414	-0.055331	-0.015882	0.054654	0.998379						
04297														0.949977	-9.670059	-0.494794	0.998750	0.048148	0.013420	-0.047333	0.997333	-0.055564	-0.016060	0.054860	0.998365						
04298														1.167795	-9.818773	-0.488253	0.998682	0.049640	0.013062	-0.048840	0.997250	-0.055736	-0.015793	0.055024	0.998360						
04299														1.072221	-9.735861	-0.454426	0.998677	0.049851	0.012593	-0.049075	0.997234	-0.055827	-0.015341	0.055135	0.998361						
04300														0.975398	-9.725557	-0.559960	0.998671	0.050052	0.012254	-0.049293	0.997221	-0.055866	-0.015016	0.055188	0.998363						
04301														1.030811	-9.677530	-0.433945	0.998698	0.049604	0.011941	-0.048863	0.997236	-0.055967	-0.014685	0.055310	0.998361						
04302														0.916564	-9.675156	-0.341003	0.998731	0.049077	0.011339	-0.048364	0.997238	-0.056365	-0.014074	0.055745	0.998346						
04303														0.931471	-9.645240	-0.476726	0.998728	0.049309	0.010569	-0.048635	0.997212	-0.056602	-0.013330	0.056016	0.998341						
04304														1.068338	-9.639462	-0.362973	0.998687	0.050341	0.009472	-0.049722	0.997135	-0.057006	-0.012314	0.056460	0.998329						
04305														1.052592	-9.643243	-0.394899	0.998614	0.052008	0.008101	-0.051456	0.997007	-0.057700	-0.011078	0.057203	0.998301						
04306														1.040673	-9.659556	-0.535350	0.998596	0.052549	0.006643	-0.052069	0.996912	-0.058790	-0.009712	0.058362	0.998248						
04307														1.159331	-9.812854	-0.583579	0.998553	0.053477	0.005582	-0.053043	0.996755	-0.060544	-0.008801	0.060160	0.998150						
04308														1.137805	-9.860275	-0.530601	0.998533	0.053915	0.004905	-0.053505	0.996620	-0.062329	-0.008249	0.061975	0.998044						
04309														1.049875	-9.840638	-0.518092	0.998528	0.054058	0.004460	-0.053668	0.996546	-0.063363	-0.007870	0.063030	0.997981						
04310														1.045714	-9.693896	-0.595296	0.998502	0.054592	0.003775	-0.054241	0.996485	-0.063837	-0.007246	0.063537	0.997953						
04311														1.106992	-9.623726	-0.686739	0.998479	0.055024	0.003388	-0.054694	0.996440	-0.064161	-0.006906	0.063878	0.997934						
04312														1.177395	-9.756755	-0.619929	0.998469	0.055214	0.003214	-0.054891	0.996395	-0.064677	-0.006774	0.064402	0.997901						
04313														1.091404	-9.775815	-0.628551	0.998436	0.055818	0.003220	-0.055491	0.996341	-0.065006	-0.006837	0.064726	0.997880						
04314														0.988918	-9.684564	-0.594889	0.998374	0.056923	0.003183	-0.056593	0.996249	-0.065465	-0.006897	0.065178	0.997850						
04315														1.115933	-9.721402	-0.638011	0.998322	0.057825	0.003035	-0.057500	0.996170	-0.065876	-0.006833	0.065591	0.997823						
04316														1.109307	-9.748954	-0.678964	0.998302	0.058192	0.002767	-0.057883	0.996140	-0.065989	-0.006596	0.065717	0.997817						
04317														1.087289	-9.690220	-0.673622	0.998291	0.058376	0.002567	-0.058080	0.996134	-0.065909	-0.006405	0.065647	0.997822						
04318														1.160838	-9.695554	-0.713492	0.998289	0.058410	0.002663	-0.058107	0.996126	-0.066009	-0.006508	0.065742	0.997815						
04319														1.060212	-9.658939	-0.658684	0.998302	0.058183	0.002644	-0.057880	0.996121	-0.066284	-0.006491	0.066019	0.997797						
04320														1.010152	-9.719689	-0.773263	0.998294	0.058337	0.002599	-0.058035	0.996095	-0.066539	-0.006470	0.066274	0.997780						
04321														1.180849	-9.706055	-0.777911	0.998296	0.058304	0.002518	-0.058005	0.996073	-0.066884	-0.006408	0.066624	0.997758						
04322														1.230299	-9.603617	-0.757282	0.998353	0.057309	0.002537	-0.057008	0.996092	-0.067457	-0.006393	0.067201	0.997719						
04323														1.047616	-9.593336	-0.551953	0.998373	0.056979	0.002160	-0.056697	0.996039	-0.068493	-0.006054	0.068260	0.997649						
04324														1.045491	-9.752993	-0.614315	0.998364	0.057150	0.001619	-0.056895	0.995907	-0.070225	-0.005626	0.070018	0.997530						
04325														1.329886	-9.859226	-0.594094	0.998419	0.056204	0.001168	-0.055973	0.995819	-0.072194	-0.005221	0.072014	0.997390						
04326														1.171342	-9.617291	-0.443337	0.998350	0.057410	0.001338	-0.057147	0.995531	-0.075175	-0.005648	0.074975	0.997169						
04327														1.056401	-9.562008	-0.440573	0.998074	0.062008	0.001520	-0.061693	0.994945	-0.079235	-0.006425	0.078989	0.996855						
04328														1.123532	-9.598816	-0.546264	0.997635	0.068718	0.001333	-0.068366	0.994145	-0.083677	-0.007076	0.083388	0.996492						
04329														1.319998	-9.632146	-0.512140	0.997005	0.077341	0.000142	-0.077027	0.993121	-0.088185	-0.006962	0.087910	0.996104						
04330														1.384860	-9.826543	-0.586847	0.996095	0.088291	-0.000616	-0.087968	0.991804	-0.092660	-0.007570	0.092352	0.995698						
04331														1.586131	-9.953907	-1.063161	0.995333	0.096497	-0.000235	-0.096075	0.990749	-0.095845	-0.009016	0.095420	0.995396						
04332														1.589988	-9.803153	-1.032217	0.994708	0.102744	-0.000159	-0.102267	0.989936	-0.097818	-0.009893	0.097317	0.995204						
04333														1.330379	-9.597618	-0.945317	0.993992	0.109451	-0.000603	-0.108970	0.989076	-0.099268	-0.010269	0.098737	0.995061						
04334														1.148720	-9.637453	-1.002300	0.993207	0.116361	-0.000388	-0.115809	0.988158	-0.100662	-0.011330	0.100023	0.994921						
04335														1.241519	-9.599978	-1.090977	0.992569	0.121680	0.000267	-0.121031	0.987499	-0.100977	-0.012550	0.100194	0.994889						
04336														1.190219	-9.510310	-0.875902	0.992210	0.124570	0.001332	-0.123808	0.987210	-0.100442	-0.013827	0.099495	0.994942						
04337														0.944328	-9.467529	-0.778668	0.992006	0.126152	0.002977	-0.125217	0.987025	-0.100506	-0.015617	0.099330	0.994932						
04338														0.620606	-9.800507	-1.306483	0.991616	0.129132	0.004761	-0.127981	0.986534	-0.101837	-0.017847	0.100373	0.994790						
04339														0.815271	-10.272733	-1.839089	0.990816	0.135139	0.004600	-0.133945	0.985578	-0.103416	-0.018509	0.101850	0.994628						
04340														1.386830	-10.116943	-2.228574	0.989996	0.141033	0.004143	-0.139831	0.984636	-0.104586	-0.018829	0.102960	0.994507						
04341														1.602552	-9.795744	-1.914017	0.989708	0.143045	0.003953	-0.141823	0.984187	-0.106124	-0.019071	0.104471	0.994345						
04342														1.286795	-9.330116	-1.052017	0.989715	0.142986	0.004330	-0.141682	0.983965	-0.108344	-0.019752	0.106616	0.994104						
04343														0.668255	-9.176362	-0.859135	0.990019	0.140768	0.006874	-0.139101	0.983815	-0.112958	-0.022664	0.110874	0.993576						
04344														0.481437	-9.331852	-0.279566	0.989508	0.144254	0.008059	-0.142338	0.982896	-0.116858	-0.024778	0.114485	0.993116						
04345														0.238529	-9.096997	-0.242227	0.987920	0.154749	0.008225	-0.152645	0.980896	-0.120591	-0.026729	0.117879	0.992668						
04346														0.664169	-9.117901	-0.583328	0.985284	0.170773	0.007207	-0.168561	0.977783	-0.124612	-0.028327	0.121564	0.992179						
04347														0.926622	-9.711396	-0.456981	0.981217	0.192819	0.005795	-0.190505	0.973292	-0.128100	-0.030340	0.124590	0.991744						
04348														1.168841	-10.327799	-0.092377	0.974692	0.223524	0.003588	-0.221243	0.966799	-0.127874	-0.032051	0.123844	0.991784						
04349														1.030826	-10.867119	-0.034994	0.966352	0.257218	0.001596	-0.255037	0.958929	-0.124141	-0.033462	0.119557	0.992263						
04350														0.800623	-10.515393	-0.432515	0.956382	0.292113	-0.001935	-0.290285	0.949614	-0.118181	-0.032685	0.113588	0.992990						
04351														1.698055	-10.016302	-0.813690	0.944265	0.329139	-0.005569	-0.327698	0.938256	-0.110859	-0.031263	0.106505	0.993821						
04352														1.889881	-9.928698	-0.900642	0.932672	0.360686	-0.005314	-0.359312	0.927616	-0.102091	-0.031894	0.097126	0.994761						
04353														1.336763	-9.822089	-0.715286	0.921659	0.387994	-0.002336	-0.386591	0.917779	-0.090713	-0.033052	0.084510	0.995874						
04354														0.641003	-9.243327	-0.768780	0.910310	0.413928	-0.000122	-0.412661	0.907501	-0.078447	-0.032361	0.071461	0.996918						
04355														1.466644	-9.062091	-0.796727	0.898597	0.438746	0.005000	-0.437519	0.896829	-0.065381	-0.033170	0.056563	0.997848						
04356														1.684064	-8.992593	-0.644387	0.890758	0.454288	0.013157	-0.453208	0.890058	-0.048980	-0.033962	0.037666	0.998713						
04357														0.706990	-8.690756	-0.468214	0.886099	0.462923	0.023052	-0.462181	0.886235	-0.031256	-0.034899	0.017042	0.999246						
04358														0.296838	-9.079801	-0.435552	0.881186	0.471441	0.035425	-0.471249	0.881887	-0.014121	-0.037899	-0.004250	0.999273						
04359														0.627835	-10.580766	0.132402	0.876659	0.478750	0.047624	-0.479439	0.877568	0.003542	-0.040097	-0.025938	0.998859						
04360														0.969807	-11.457545	0.782663	0.874806	0.480984	0.058040	-0.482913	0.875316	0.024849	-0.038851	-0.049766	0.998005						
04361														1.088639	-11.771845	0.732057	0.875548	0.478740	0.064998	-0.481990	0.874782	0.049419	-0.033200	-0.074597	0.996661						
04362														1.178719	-11.151172	0.692485	0.875875	0.477562	0.069122	-0.481899	0.873064	0.074378	-0.024828	-0.098456	0.994832						
04363														1.256073	-9.756642	0.832413	0.875831	0.477219	0.071981	-0.482300	0.870874	0.094680	-0.017503	-0.117641	0.992902						
04364														0.894876	-8.385477	0.696272	0.875435	0.477424	0.075370	-0.483131	0.868907	0.107634	-0.014103	-0.130640	0.991330						
04365														0.644407	-7.712759	0.585378	0.873618	0.479804	0.081114	-0.486339	0.866494	0.112524	-0.016295	-0.137752	0.990333						
04366														0.303438	-7.887136	0.477483	0.872434	0.480941	0.086917	-0.488290	0.865311	0.113182	-0.020776	-0.141184	0.989765						
04367														0.137932	-8.097121	0.564448	0.873320	0.478627	0.090709	-0.486520	0.866382	0.112604	-0.024694	-0.142472	0.989491						
04368														0.144568	-8.312192	0.725603	0.877221	0.471045	0.092741	-0.479200	0.870850	0.109490	-0.029189	-0.140488	0.989652						
04369														0.013620	-8.931620	0.698941	0.883679	0.458889	0.092376	-0.466899	0.878181	0.103937	-0.033427	-0.134977	0.990285						
04370														0.189627	-9.534386	-0.048935	0.891505	0.443866	0.090570	-0.451578	0.886635	0.099781	-0.036013	-0.129854	0.990879						
04371														1.051103	-9.663315	-0.233320	0.900147	0.426224	0.089822	-0.433725	0.896077	0.094485	-0.040215	-0.124008	0.991466						
04372														2.052610	-10.572970	0.373810	0.910016	0.404386	0.091344	-0.411578	0.907679	0.081996	-0.049753	-0.112213	0.992438						
04373														2.919098	-11.607404	-0.163251	0.921761	0.376923	0.091028	-0.383264	0.921257	0.066291	-0.058874	-0.095992	0.993639						
04374														2.569451	-10.322799	-0.770037	0.933517	0.347565	0.088004	-0.352650	0.934393	0.050478	-0.064686	-0.078156	0.994840						
04375														1.192105	-11.048538	-0.639869	0.942021	0.323825	0.087947	-0.327023	0.944702	0.024380	-0.075189	-0.051728	0.995827						
04376														1.251353	-12.251406	-1.185544	0.946354	0.311365	0.086408	-0.312665	0.949862	0.001604	-0.081576	-0.028535	0.996259						
04377														3.064871	-10.866748	-1.396535	0.951971	0.295769	0.079197	-0.295559	0.955213	-0.014635	-0.079978	-0.009476	0.996752						
04378														4.233067	-9.441474	-1.821730	0.962173	0.262945	0.071296	-0.261230	0.964727	-0.032566	-0.077345	0.012709	0.996923						
04379														3.715735	-8.824950	-1.935908	0.974104	0.215994	0.066835	-0.212664	0.975657	-0.053550	-0.076774	0.037950	0.996326						
04380														3.003036	-9.123959	-2.095717	0.983942	0.165969	0.065663	-0.160566	0.983741	-0.080447	-0.077947	0.068612	0.994594						
04381														2.844206	-9.855329	-2.284236	0.990467	0.119990	0.067658	-0.112001	0.987427	-0.111555	-0.080193	0.102913	0.991452						
04382														2.865373	-10.604024	-1.731862	0.994017	0.079889	0.074481	-0.068642	0.987348	-0.142944	-0.084958	0.136976	0.986924						
04383														3.066117	-10.535964	-1.662159	0.995294	0.045401	0.085607	-0.030116	0.984629	-0.172045	-0.092102	0.168657	0.981362						
04384														3.903101	-10.192815	-2.149326	0.994705	0.012688	0.101985	0.007841	0.980089	-0.198405	-0.102472	0.198154	0.974800						
04385														4.250149	-9.653992	-1.603083	0.991813	-0.023468	0.125525	0.050784	0.974383	-0.219086	-0.117168	0.223667	0.967598						
04386														3.170348	-9.093498	-0.732226	0.986751	-0.055396	0.152491	0.090699	0.967663	-0.235378	-0.134521	0.246090	0.959867						
04387														2.055065	-8.953309	-0.023609	0.980498	-0.080950	0.179085	0.125231	0.959622	-0.251877	-0.151464	0.269392	0.951045						
04388														1.424790	-8.868926	0.542726	0.974238	-0.100351	0.201967	0.153079	0.951896	-0.265444	-0.165614	0.289522	0.942735						
04389														1.466649	-8.351991	1.498085	0.969238	-0.113058	0.218621	0.172859	0.945002	-0.277653	-0.175206	0.306903	0.935475						
04390														1.469190	-8.098334	1.800729	0.965599	-0.122939	0.229139	0.187999	0.938834	-0.288526	-0.179653	0.321679	0.929649						
04391														1.805238	-8.236323	1.608323	0.962959	-0.132330	0.234944	0.200294	0.934375	-0.294662	-0.180534	0.330805	0.926270						
04392														2.163797	-8.269922	1.153095	0.962089	-0.137830	0.235345	0.206137	0.932500	-0.296566	-0.178584	0.333836	0.925560						
04393														2.095243	-8.418781	0.410318	0.963705	-0.136293	0.229559	0.202432	0.933649	-0.295500	-0.174054	0.331244	0.927352						
04394														1.916970	-8.372129	0.144545	0.967700	-0.126578	0.218024	0.188927	0.936720	-0.294724	-0.166922	0.326395	0.930378						
04395														2.842809	-8.214356	-0.746283	0.973336	-0.108646	0.202020	0.166203	0.941030	-0.294686	-0.158091	0.320405	0.933996						
04396														3.274760	-8.747424	-1.460262	0.978727	-0.087012	0.185804	0.139764	0.945742	-0.293321	-0.150200	0.313050	0.937784						
04397														2.393341	-10.900326	-1.858781	0.983820	-0.059942	0.168834	0.107871	0.950597	-0.291082	-0.143045	0.304584	0.941683						
04398														2.038845	-12.985138	-2.278524	0.988896	-0.023055	0.146811	0.064687	0.956176	-0.285559	-0.133794	0.291885	0.947049						
04399														2.514773	-12.446250	-2.391529	0.992673	0.018599	0.119393	0.014659	0.962250	-0.271774	-0.119941	0.271533	0.954926						
04400														2.478881	-10.343724	-2.657843	0.993773	0.059959	0.093911	-0.034624	0.967314	-0.251207	-0.105904	0.246392	0.963367						
04401														1.710241	-8.949831	-2.345079	0.992410	0.097076	0.075488	-0.077528	0.970408	-0.228687	-0.095454	0.221099	0.970569						
04402														0.579477	-9.062099	-2.069868	0.988735	0.136058	0.062383	-0.120542	0.970887	-0.206998	-0.088730	0.197146	0.976351						
04403														-0.199285	-10.051668	-2.212715	0.982153	0.180658	0.052323	-0.168204	0.968152	-0.185445	-0.084158	0.173335	0.981261						
04404														-0.431803	-11.049853	-2.241511	0.971824	0.231489	0.044395	-0.221660	0.961599	-0.161843	-0.080155	0.147442	0.985817						
04405														0.263425	-11.921633	-2.116045	0.958021	0.284162	0.038052	-0.276878	0.951460	-0.134395	-0.074395	0.118217	0.990197						
04406														1.464871	-11.741615	-2.036283	0.942876	0.331262	0.035365	-0.326351	0.939758	-0.101732	-0.066935	0.084380	0.994183						
04407														2.072097	-11.281981	-1.909445	0.930821	0.363252	0.040245	-0.360237	0.930477	-0.066643	-0.061656	0.047535	0.996965						
04408														1.647401	-10.562735	-1.878168	0.921735	0.384680	0.049262	-0.383472	0.922985	-0.032352	-0.057913	0.010929	0.998262						
04409														0.623509	-9.765788	-1.473452	0.915930	0.396951	0.059171	-0.397633	0.917545	-0.000274	-0.054401	-0.023277	0.998248						
04410														0.066267	-9.493358	-1.232706	0.908606	0.411523	0.071303	-0.414078	0.909895	0.025112	-0.054544	-0.052341	0.997139						
04411														0.836485	-9.342554	-0.750402	0.899785	0.427770	0.086022	-0.432559	0.900371	0.047172	-0.057273	-0.079654	0.995176						
04412														1.238951	-9.315389	-0.394461	0.893029	0.438273	0.102055	-0.445687	0.892746	0.066093	-0.062142	-0.104508	0.992581						
04413														1.335933	-9.276365	-0.253440	0.889496	0.441552	0.117593	-0.452011	0.887967	0.084855	-0.066951	-0.128632	0.989430						
04414														0.904797	-9.137929	-0.822072	0.887666	0.441362	0.131336	-0.455178	0.884174	0.105117	-0.069729	-0.153090	0.985749						
04415														0.808570	-8.162711	-0.602036	0.886442	0.440462	0.142173	-0.457528	0.880305	0.125421	-0.069912	-0.176227	0.981864						
04416														0.888162	-8.455195	-0.128149	0.888491	0.433794	0.149687	-0.453403	0.880155	0.140546	-0.070780	-0.192743	0.978693						
04417														0.774553	-8.850510	0.095067	0.893411	0.422087	0.153816	-0.443824	0.882298	0.156750	-0.069550	-0.208309	0.975587						
04418														0.897294	-8.596158	0.228602	0.898793	0.410109	0.154862	-0.433026	0.885596	0.167954	-0.068266	-0.218015	0.973555						
04419														1.183909	-8.268719	0.134476	0.903543	0.400476	0.152412	-0.423198	0.889778	0.170876	-0.067181	-0.218895	0.973433						
04420														1.477302	-7.800900	0.406384	0.908750	0.390080	0.148359	-0.411777	0.895920	0.166635	-0.067917	-0.212521	0.974793						
04421														1.877699	-7.691569	0.481883	0.914359	0.377843	0.145543	-0.398380	0.903766	0.156525	-0.072395	-0.201101	0.976892						
04422														2.062012	-8.058966	0.600595	0.920271	0.363632	0.144476	-0.382853	0.913043	0.140628	-0.080776	-0.184729	0.979464						
04423														1.977245	-8.423581	0.800722	0.927966	0.343941	0.143469	-0.361403	0.924488	0.121282	-0.090922	-0.164396	0.982195						
04424														1.843932	-9.333190	1.255315	0.938219	0.315205	0.142793	-0.330253	0.938844	0.097494	-0.103330	-0.138628	0.984939						
04425														2.065488	-12.297038	1.048347	0.949312	0.279818	0.143209	-0.291409	0.954234	0.067221	-0.117845	-0.105546	0.987407						
04426														2.365106	-11.881688	-0.597908	0.957890	0.252025	0.137586	-0.260208	0.964511	0.044840	-0.121403	-0.078752	0.989474						
04427														2.072561	-10.858282	-0.452602	0.963543	0.232931	0.131637	-0.237579	0.971151	0.020561	-0.123050	-0.051086	0.991085						
04428														2.350447	-11.128992	-1.125916	0.966103	0.225684	0.125344	-0.227547	0.973767	0.000568	-0.121927	-0.029070	0.992113						
04429														4.188485	-9.757334	-1.368031	0.968876	0.218720	0.115935	-0.218753	0.975699	-0.012603	-0.115874	-0.013150	0.993177						
04430														4.781356	-9.456289	-0.747660	0.975020	0.193134	0.109705	-0.191312	0.981158	-0.027001	-0.112853	0.005338	0.993597						
04431														2.692240	-10.660043	-0.638203	0.982850	0.150246	0.106916	-0.146754	0.988370	-0.039860	-0.111662	0.023486	0.993469						
04432														1.545425	-10.442651	-0.636912	0.987645	0.118414	0.102642	-0.113248	0.992055	-0.054796	-0.108315	0.042495	0.993208						
04433														2.216591	-10.310595	-1.062039	0.990119	0.099645	0.098665	-0.092333	0.992816	-0.076094	-0.105538	0.066232	0.992207						
04434														3.536339	-10.277630	-1.013334	0.991888	0.084304	0.095141	-0.074651	0.992099	-0.100826	-0.102889	0.092906	0.990345						
04435														3.702067	-9.643479	-1.747835	0.993574	0.065770	0.092111	-0.054003	0.990702	-0.124876	-0.099467	0.119099	0.987888						
04436														3.562207	-8.964842	-2.456189	0.994746	0.044049	0.092415	-0.030041	0.988556	-0.147830	-0.097869	0.144277	0.984686						
04437														3.654272	-8.588641	-2.634450	0.995020	0.015617	0.098443	0.001450	0.985277	-0.170959	-0.099663	0.170250	0.980348						
04438														3.967139	-8.834532	-2.611490	0.993686	-0.018994	0.110580	0.040174	0.980455	-0.192600	-0.104761	0.195826	0.975027						
04439														4.047583	-8.998261	-1.965391	0.989833	-0.060806	0.128585	0.086939	0.974130	-0.208596	-0.112575	0.217655	0.969512						
04440														3.603827	-8.617327	-1.275767	0.982456	-0.108161	0.151926	0.140315	0.965328	-0.220123	-0.122849	0.237579	0.963569						
04441														2.331451	-8.580402	-0.451565	0.971628	-0.155231	0.178443	0.194549	0.953603	-0.229766	-0.134497	0.257963	0.956747						
04442														0.853545	-9.343102	0.845112	0.960297	-0.190789	0.203541	0.237809	0.941282	-0.239657	-0.145866	0.278546	0.949281						
04443														0.890524	-9.866296	1.754549	0.953342	-0.206984	0.219766	0.260184	0.932530	-0.250383	-0.153114	0.295880	0.942874						
04444														1.884997	-9.794823	2.148730	0.950636	-0.212090	0.226516	0.268378	0.928382	-0.257061	-0.155773	0.305164	0.939473						
04445														2.310184	-9.469987	2.052183	0.950179	-0.213091	0.227492	0.269775	0.927792	-0.257726	-0.156146	0.306258	0.939055						
04446														2.309524	-9.029544	1.014119	0.951087	-0.211900	0.224793	0.267095	0.929672	-0.253715	-0.155221	0.301346	0.940796						
04447														2.554080	-8.750258	0.402035	0.953869	-0.206457	0.217968	0.258656	0.933720	-0.247517	-0.152419	0.292478	0.944047						
04448														2.746193	-8.526874	0.423555	0.957929	-0.197694	0.208060	0.245968	0.939045	-0.240199	-0.147892	0.281269	0.948164						
04449														2.563207	-8.553105	0.263409	0.962890	-0.186000	0.195570	0.229770	0.945081	-0.232440	-0.141595	0.268750	0.952746						
04450														2.129047	-9.070258	0.126346	0.969392	-0.167281	0.179713	0.206027	0.952363	-0.224849	-0.133539	0.254993	0.957677						
04451														1.220409	-10.192854	-0.090837	0.977132	-0.137975	0.161788	0.171807	0.960613	-0.218415	-0.125280	0.241216	0.962351						
04452														0.741041	-11.083763	-0.635856	0.985442	-0.095447	0.140691	0.124232	0.969203	-0.212632	-0.116063	0.227015	0.966951						
04453														0.558854	-11.315749	-1.663869	0.992506	-0.037141	0.116411	0.060503	0.977076	-0.204111	-0.106162	0.209625	0.972002						
04454														0.596994	-10.855674	-2.311658	0.995115	0.029883	0.094092	-0.011504	0.981694	-0.190117	-0.098051	0.188106	0.977242						
04455														0.607401	-10.774365	-2.850303	0.992583	0.094528	0.076440	-0.080276	0.981855	-0.171803	-0.091293	0.164392	0.982161						
04456														0.514339	-11.821725	-3.099305	0.985798	0.155299	0.063919	-0.144474	0.978276	-0.148670	-0.085618	0.137324	0.986819						
04457														1.077500	-13.529582	-2.884968	0.976281	0.209439	0.054865	-0.201872	0.972164	-0.118933	-0.078247	0.105037	0.991385						
04458														2.067743	-13.446919	-2.858332	0.965800	0.255015	0.046878	-0.250730	0.964599	-0.081751	-0.066066	0.067202	0.995550						
04459														2.415352	-11.334896	-3.235718	0.956770	0.287852	0.041612	-0.286152	0.957246	-0.042381	-0.052032	0.028642	0.998235						
04460														1.378816	-9.930306	-2.659277	0.949633	0.310792	0.040062	-0.310727	0.950465	-0.008004	-0.040565	-0.004848	0.999165						
04461														0.541992	-9.232631	-2.047129	0.942208	0.332450	0.041473	-0.333369	0.942635	0.017439	-0.033296	-0.030257	0.998987						
04462														0.504405	-8.837541	-1.633475	0.935721	0.349722	0.046057	-0.351415	0.935535	0.035795	-0.030570	-0.049679	0.998297						
04463														0.786693	-8.343392	-0.976017	0.927876	0.368698	0.055743	-0.371395	0.927140	0.049766	-0.033333	-0.066879	0.997204						
04464														1.116117	-8.400777	-0.586662	0.923440	0.377850	0.066999	-0.381744	0.922319	0.059994	-0.039126	-0.080978	0.995948						
04465														0.969765	-8.198463	-0.186794	0.923088	0.376417	0.078852	-0.381816	0.921538	0.070605	-0.046088	-0.095282	0.994383						
04466														0.535911	-8.245175	0.246000	0.924144	0.371009	0.091160	-0.378058	0.922464	0.078305	-0.055040	-0.106828	0.992753						
04467														0.149081	-8.323235	0.421504	0.924531	0.366711	0.103758	-0.375478	0.923088	0.083214	-0.065263	-0.115893	0.991115						
04468														0.057111	-8.739368	0.038288	0.923524	0.365812	0.115260	-0.376189	0.922509	0.086370	-0.074733	-0.123124	0.989573						
04469														0.358889	-8.802487	0.622746	0.921071	0.368603	0.125540	-0.380352	0.920718	0.087236	-0.083432	-0.128100	0.988246						
04470														1.044817	-9.173261	0.763204	0.919017	0.370178	0.135557	-0.383108	0.919714	0.085758	-0.092928	-0.130746	0.987051						
04471														1.333632	-9.255287	-0.453118	0.917735	0.370834	0.142282	-0.384564	0.919200	0.084740	-0.099361	-0.132486	0.986192						
04472														1.395375	-9.451298	-0.867574	0.918327	0.368429	0.144692	-0.382403	0.920170	0.083994	-0.102195	-0.132464	0.985905						
04473														1.548384	-9.642667	-0.484659	0.920722	0.362763	0.143784	-0.376481	0.922715	0.082818	-0.102628	-0.130385	0.986138						
04474														1.737875	-8.951878	-0.184285	0.925215	0.352237	0.141090	-0.365465	0.927233	0.081700	-0.102045	-0.127154	0.986620						
04475														1.838328	-8.264379	-0.491422	0.932143	0.335520	0.136147	-0.347699	0.934363	0.077913	-0.101069	-0.119964	0.987620						
04476														1.841590	-8.995827	0.192105	0.940740	0.312875	0.130837	-0.323404	0.943784	0.068426	-0.102073	-0.106684	0.989040						
04477														1.755765	-10.516913	1.120082	0.949826	0.286081	0.126443	-0.294628	0.954048	0.054655	-0.104997	-0.089167	0.990467						
04478														1.790395	-11.012462	1.619843	0.958229	0.259389	0.120475	-0.266067	0.963002	0.042835	-0.104906	-0.073100	0.991792						
04479														1.525017	-9.483614	1.803678	0.964335	0.239374	0.112948	-0.244439	0.969098	0.033155	-0.101521	-0.059581	0.993048						
04480														1.145130	-9.981923	0.440548	0.966960	0.230563	0.108759	-0.233742	0.972145	0.017271	-0.101747	-0.042122	0.993918						
04481														1.825873	-10.913584	-1.598196	0.966636	0.234911	0.102139	-0.236550	0.971611	0.004069	-0.098284	-0.028095	0.994762						
04482														4.292377	-9.505619	-2.193255	0.968158	0.231535	0.095191	-0.232347	0.972629	-0.002618	-0.093192	-0.019583	0.995456						
04483														4.730868	-8.811749	-1.838503	0.973464	0.210794	0.089073	-0.210551	0.977506	-0.012215	-0.089645	-0.006863	0.995950						
04484														3.491445	-9.274521	-2.568502	0.980524	0.178123	0.082737	-0.176331	0.983917	-0.028538	-0.086490	0.013393	0.996163						
04485														2.777391	-10.111978	-2.859307	0.986631	0.142136	0.079730	-0.138185	0.988983	-0.053088	-0.086397	0.041361	0.995402						
04486														3.220045	-11.529453	-2.320703	0.990730	0.109991	0.079722	-0.103266	0.991094	-0.084082	-0.088260	0.075070	0.993265						
04487														3.879267	-11.778342	-1.841968	0.993537	0.079466	0.081047	-0.069758	0.990762	-0.116293	-0.089540	0.109888	0.989903						
04488														3.561337	-11.428874	-1.528862	0.995261	0.048358	0.084364	-0.035457	0.988319	-0.148217	-0.090546	0.144523	0.985350						
04489														3.087290	-10.708236	-0.856019	0.995760	0.019225	0.089957	-0.002997	0.984178	-0.177155	-0.091939	0.176135	0.980063						
04490														2.596407	-9.845671	-0.305451	0.995136	-0.007823	0.098203	0.027775	0.978681	-0.203497	-0.094518	0.205235	0.974138						
04491														2.364123	-9.336387	0.070955	0.993539	-0.032248	0.108816	0.056337	0.972450	-0.226200	-0.098524	0.230869	0.967984						
04492														2.244653	-8.706592	0.511549	0.990979	-0.055732	0.121877	0.084413	0.965927	-0.244662	-0.104089	0.252743	0.961918						
04493														1.712990	-8.495789	0.723950	0.987854	-0.075435	0.135846	0.108896	0.959736	-0.258938	-0.110843	0.270586	0.956293						
04494														1.551210	-8.262839	0.932607	0.985266	-0.087131	0.147169	0.124723	0.954837	-0.269688	-0.117024	0.284069	0.951635						
04495														1.910087	-8.202265	0.923904	0.983470	-0.092642	0.155577	0.133369	0.951764	-0.276330	-0.122473	0.292511	0.948387						
04496														2.219708	-8.266976	0.956035	0.982325	-0.094694	0.161463	0.137355	0.950679	-0.278106	-0.127164	0.295368	0.946883						
04497														2.172764	-8.448702	0.815862	0.981869	-0.094284	0.164452	0.137420	0.951602	-0.274899	-0.130575	0.292514	0.947305						
04498														2.094681	-8.678709	0.324584	0.982969	-0.086615	0.162079	0.128421	0.954627	-0.268690	-0.131453	0.284929	0.949492						
04499														2.161333	-8.830384	-0.090289	0.985284	-0.071948	0.155042	0.110853	0.959431	-0.259238	-0.130100	0.272610	0.953288						
04500														2.362274	-8.900232	-0.380316	0.988038	-0.052240	0.145091	0.087248	0.965174	-0.246632	-0.127154	0.256341	0.958186						
04501														2.350821	-9.237783	-0.630895	0.990462	-0.029229	0.134648	0.060104	0.971016	-0.231335	-0.123984	0.237222	0.963511						
04502														1.935165	-10.101455	-0.777578	0.992046	-0.004618	0.125790	0.031595	0.976471	-0.213323	-0.121845	0.215601	0.968850						
04503														1.205726	-11.197798	-1.026868	0.992771	0.023708	0.117660	-0.000479	0.981074	-0.193635	-0.120024	0.192179	0.973993						
04504														1.110924	-11.612532	-1.302726	0.992406	0.062413	0.105998	-0.043424	0.983993	-0.172836	-0.115088	0.166920	0.979230						
