// General information: 
//  MT Manager version: 2022.2.0 
//  XDA version: 2022.2.0 build 7381 rev 124627 built on 2023-07-19
// Device information: 
//  DeviceId: 00B4D4A6
//  ProductCode: MTW2-3A7G6
//  Firmware Version: 4.6.0
//  Hardware Version: 2.0.0
// Device settings: 
//  Filter Profile: human(46.1)
//  Option Flags: Orientation Smoother Disabled, Position/Velocity Smoother Disabled, Continuous Zero Rotation Update Disabled, AHS Disabled, ICC Disabled
// Coordinate system: ENU
PacketCounter	SampleTimeFine	Year	Month	Day	Second	UTC_Nano	UTC_Year	UTC_Month	UTC_Day	UTC_Hour	UTC_Minute	UTC_Second	UTC_Valid	Acc_X	Acc_Y	Acc_Z	Mat[1][1]	Mat[2][1]	Mat[3][1]	Mat[1][2]	Mat[2][2]	Mat[3][2]	Mat[1][3]	Mat[2][3]	Mat[3][3]	Latitude	Longitude	Altitude	Vel_E	Vel_N	Vel_U
04221														-2.822580	-9.149219	-0.504216	0.998763	-0.044583	0.022040	0.044871	0.998911	-0.012751	-0.021447	0.013724	0.999676						
04222														-5.232873	-9.325560	-0.300938	0.998302	-0.053284	0.023518	0.053570	0.998496	-0.011671	-0.022861	0.012911	0.999655						
04223														-3.908395	-9.189305	-0.370561	0.998633	-0.046108	0.024611	0.046269	0.998911	-0.006000	-0.024307	0.007131	0.999679						
04224														-2.461407	-9.020408	-0.678146	0.998573	-0.046643	0.025997	0.046775	0.998895	-0.004494	-0.025759	0.005703	0.999652						
04225														-3.418103	-9.119405	-0.610561	0.998066	-0.055875	0.027262	0.056060	0.998409	-0.006062	-0.026880	0.007578	0.999610						
04226														-3.881162	-9.294480	-0.497258	0.997983	-0.056829	0.028307	0.056982	0.998364	-0.004636	-0.027997	0.006239	0.999589						
04227														-2.135763	-9.244894	-0.593640	0.997716	-0.060124	0.030796	0.060293	0.998170	-0.004574	-0.030465	0.006421	0.999515						
04228														-2.270958	-9.286583	-0.417804	0.996501	-0.076167	0.034416	0.076509	0.997030	-0.008748	-0.033647	0.011351	0.999369						
04229														-2.786142	-9.358386	-0.392846	0.994294	-0.099153	0.039342	0.099764	0.994914	-0.013890	-0.037765	0.017736	0.999129						
04230														-4.450732	-9.553225	0.014927	0.992324	-0.115665	0.043756	0.116441	0.993075	-0.015607	-0.041648	0.020582	0.998920						
04231														-3.502243	-9.412690	-0.012361	0.991551	-0.120386	0.048320	0.121157	0.992543	-0.013359	-0.046351	0.019101	0.998743						
04232														-1.933695	-9.076461	0.034876	0.989172	-0.136716	0.053354	0.137673	0.990369	-0.014687	-0.050832	0.021874	0.998468						
04233														-4.571604	-8.976566	-0.195670	0.984950	-0.163719	0.055407	0.165050	0.986076	-0.020319	-0.051309	0.029158	0.998257						
04234														-5.830456	-9.283854	-0.395939	0.984536	-0.166201	0.055369	0.167429	0.985715	-0.018288	-0.051538	0.027275	0.998298						
04235														-2.565619	-9.400283	-0.694256	0.985368	-0.161137	0.055533	0.162017	0.986719	-0.011690	-0.052911	0.020516	0.998388						
04236														-2.294120	-9.440281	-0.892925	0.982888	-0.175727	0.055234	0.176557	0.984235	-0.010482	-0.052521	0.020055	0.998418						
04237														-4.620997	-9.270978	-0.408487	0.981227	-0.185251	0.053620	0.185905	0.982540	-0.007433	-0.051306	0.017262	0.998534						
04238														-3.275731	-9.176490	-0.415732	0.982219	-0.180328	0.052237	0.180635	0.983549	-0.001188	-0.051163	0.010602	0.998634						
04239														-2.407545	-9.469797	-0.569097	0.981779	-0.182703	0.052239	0.182882	0.983134	0.001378	-0.051609	0.008200	0.998634						
04240														-3.918444	-9.585826	-0.521177	0.981940	-0.181704	0.052702	0.181586	0.983350	0.007072	-0.053109	0.002625	0.998585						
04241														-2.354092	-9.341624	-0.731174	0.982769	-0.176834	0.053800	0.176166	0.984214	0.016955	-0.055949	-0.007185	0.998408						
04242														-2.333139	-9.406934	-0.313372	0.982147	-0.179793	0.055336	0.178648	0.983595	0.025035	-0.058929	-0.014703	0.998154						
04243														-3.187335	-9.409115	-0.069255	0.981377	-0.183569	0.056579	0.181957	0.982770	0.032484	-0.061568	-0.021584	0.997870						
04244														-3.018473	-9.116448	0.088748	0.981923	-0.180059	0.058363	0.177853	0.983200	0.041058	-0.064775	-0.029936	0.997451						
04245														-2.055862	-9.299843	-0.058521	0.981318	-0.182410	0.061170	0.179788	0.982630	0.045980	-0.068495	-0.034124	0.997068						
04246														-2.931508	-9.473232	-0.371573	0.979270	-0.192214	0.063902	0.189452	0.980772	0.046847	-0.071678	-0.033770	0.996856						
04247														-3.763843	-9.203580	-0.019728	0.979555	-0.189434	0.067725	0.186256	0.981199	0.050564	-0.076030	-0.036916	0.996422						
04248														-1.862128	-8.842624	-0.002325	0.978875	-0.190876	0.073288	0.187481	0.980956	0.050759	-0.081581	-0.035947	0.996018						
04249														-3.095677	-8.925357	0.376286	0.976046	-0.203338	0.077386	0.200357	0.978707	0.044597	-0.084807	-0.028024	0.996003						
04250														-3.927061	-9.105567	0.694177	0.976306	-0.200568	0.081237	0.197849	0.979403	0.040323	-0.087652	-0.023295	0.995879						
04251														-1.968836	-9.110229	0.312876	0.976344	-0.198577	0.085558	0.196315	0.979945	0.034166	-0.090627	-0.016561	0.995747						
04252														-2.450182	-9.387959	0.189697	0.973410	-0.210717	0.089843	0.209443	0.977539	0.023492	-0.092775	-0.004051	0.995679						
04253														-4.571358	-9.488350	0.359374	0.972068	-0.215644	0.092640	0.215098	0.976462	0.015959	-0.093901	0.004414	0.995572						
04254														-3.251863	-9.177719	0.554166	0.974380	-0.203869	0.094982	0.203507	0.978979	0.013578	-0.095753	0.006100	0.995386						
04255														-1.905614	-9.169674	0.496120	0.973935	-0.205074	0.096931	0.205299	0.978669	0.007759	-0.096454	0.012343	0.995261						
04256														-3.343336	-9.612664	0.403048	0.972244	-0.212369	0.098191	0.213310	0.976984	0.000935	-0.096129	0.020036	0.995167						
04257														-3.748786	-9.675583	0.091222	0.971586	-0.215102	0.098752	0.216374	0.976308	-0.002234	-0.095932	0.023538	0.995110						
04258														-3.270880	-9.451914	-0.040795	0.972255	-0.212306	0.098219	0.213537	0.976933	-0.002079	-0.095512	0.022995	0.995163						
04259														-3.107618	-9.360843	0.179683	0.973516	-0.207073	0.096893	0.208071	0.978114	-0.000207	-0.094729	0.020362	0.995295						
04260														-2.281859	-9.321614	0.045063	0.973197	-0.209043	0.095860	0.210036	0.977694	-0.000278	-0.093664	0.020404	0.995395						
04261														-3.148360	-9.413223	0.018314	0.972364	-0.213546	0.094370	0.214591	0.976703	-0.000952	-0.091969	0.021176	0.995537						
04262														-2.690909	-9.320588	-0.140071	0.972133	-0.215003	0.093438	0.216106	0.976368	-0.001737	-0.090856	0.021881	0.995624						
04263														-3.308686	-9.576620	0.091031	0.972388	-0.214299	0.092402	0.215430	0.976517	-0.002324	-0.089734	0.022166	0.995719						
04264														-3.223795	-9.510028	-0.202771	0.973365	-0.210020	0.091931	0.210834	0.977521	0.000876	-0.090048	0.018530	0.995765						
04265														-3.263189	-9.754006	-0.189262	0.974901	-0.203821	0.089587	0.203946	0.978951	0.007849	-0.089301	0.010619	0.995948						
04266														-1.791038	-9.902189	-0.670134	0.975005	-0.203974	0.088091	0.203394	0.978973	0.015598	-0.089420	0.002710	0.995990						
04267														-2.720079	-9.612587	-0.140347	0.972516	-0.215893	0.087194	0.214817	0.976414	0.021644	-0.089810	-0.002318	0.995956						
04268														-3.650581	-9.053924	0.468020	0.971531	-0.220655	0.086252	0.218958	0.975310	0.028780	-0.090473	-0.009075	0.995858						
04269														-2.265013	-8.821746	0.323486	0.972515	-0.216812	0.084895	0.214541	0.976083	0.035121	-0.090479	-0.015942	0.995771						
04270														-2.101831	-8.986446	-0.163732	0.971841	-0.220337	0.083523	0.218079	0.975290	0.035366	-0.089252	-0.016156	0.995878						
04271														-2.508596	-9.346087	-0.443967	0.970596	-0.225920	0.083083	0.223910	0.974055	0.032894	-0.088359	-0.013324	0.996000						
04272														-3.272198	-9.502089	-0.331148	0.969530	-0.230422	0.083175	0.228666	0.973037	0.030192	-0.087889	-0.010253	0.996077						
04273														-2.768453	-9.440142	-0.364203	0.970066	-0.227863	0.083966	0.226174	0.973648	0.029236	-0.088415	-0.009370	0.996040						
04274														-2.330681	-9.345050	-0.274146	0.969505	-0.229733	0.085344	0.228384	0.973240	0.025388	-0.088892	-0.005123	0.996028						
04275														-3.634835	-9.407203	0.061215	0.969244	-0.230477	0.086291	0.229477	0.973077	0.021467	-0.088916	-0.001005	0.996039						
04276														-3.609979	-9.274488	0.318485	0.971759	-0.219839	0.085759	0.218831	0.975535	0.021099	-0.088299	-0.001737	0.996093						
04277														-1.973050	-9.352064	-0.334646	0.972993	-0.214372	0.085615	0.213550	0.976752	0.018752	-0.087644	0.000038	0.996152						
04278														-2.603512	-9.369833	-0.506390	0.971373	-0.221369	0.086196	0.221066	0.975170	0.013167	-0.086970	0.006265	0.996191						
04279														-3.896444	-9.550161	-0.036006	0.969831	-0.227833	0.086722	0.227981	0.973630	0.008317	-0.086330	0.011705	0.996198						
04280														-3.218010	-9.495336	0.076222	0.971400	-0.221128	0.086515	0.221289	0.975177	0.007848	-0.086103	0.011522	0.996220						
04281														-2.073866	-9.237240	-0.000429	0.971513	-0.220769	0.086162	0.221146	0.975227	0.005265	-0.085190	0.013939	0.996267						
04282														-3.379647	-9.412942	0.028142	0.971405	-0.221610	0.085214	0.222136	0.975010	0.003378	-0.083833	0.015648	0.996357						
04283														-3.036265	-9.573704	-0.213316	0.972131	-0.218758	0.084304	0.219204	0.975671	0.004046	-0.083138	0.014546	0.996432						
04284														-2.889754	-9.395161	-0.119571	0.973099	-0.214756	0.083410	0.215026	0.976591	0.005840	-0.082711	0.012253	0.996498						
04285														-2.465067	-9.373431	-0.035639	0.973142	-0.214710	0.083034	0.214873	0.976616	0.007076	-0.082612	0.010955	0.996522						
04286														-2.737955	-9.428327	0.050958	0.972497	-0.217711	0.082778	0.217846	0.975954	0.007500	-0.082421	0.010739	0.996540						
04287														-3.307796	-9.319076	0.186135	0.972540	-0.217628	0.082484	0.217668	0.975985	0.008609	-0.082377	0.009582	0.996555						
04288														-2.620630	-9.186413	-0.099010	0.973183	-0.214712	0.082546	0.214674	0.976640	0.009448	-0.082646	0.008526	0.996542						
04289														-2.693536	-9.290757	-0.076281	0.972780	-0.216352	0.083011	0.216428	0.976264	0.008194	-0.082813	0.009995	0.996515						
04290														-2.924670	-9.266272	-0.104825	0.971977	-0.219691	0.083649	0.219937	0.975493	0.006366	-0.082998	0.012210	0.996475						
04291														-3.010935	-9.313374	-0.199675	0.970845	-0.224304	0.084541	0.224800	0.974398	0.003735	-0.083214	0.015378	0.996413						
04292														-3.039183	-9.431760	-0.257147	0.969900	-0.228064	0.085324	0.228794	0.973474	0.001253	-0.083346	0.018306	0.996352						
04293														-3.183014	-9.411916	-0.133820	0.969774	-0.228593	0.085341	0.229481	0.973313	-0.000613	-0.082924	0.020179	0.996352						
04294														-2.955627	-9.350937	-0.269673	0.969618	-0.229274	0.085290	0.230318	0.973112	-0.002480	-0.082428	0.022048	0.996353						
04295														-2.652568	-9.391767	-0.408311	0.968806	-0.232676	0.085308	0.233951	0.972235	-0.005124	-0.081748	0.024922	0.996341						
04296														-3.227145	-9.441203	-0.426625	0.967552	-0.237884	0.085175	0.239432	0.970878	-0.008297	-0.080721	0.028421	0.996331						
04297														-3.096493	-9.380186	-0.453662	0.967310	-0.238913	0.085044	0.240580	0.970580	-0.009770	-0.080208	0.029910	0.996329						
04298														-2.915565	-9.234190	-0.179875	0.967138	-0.239707	0.084758	0.241482	0.970341	-0.011198	-0.079560	0.031297	0.996339						
04299														-2.886454	-9.315346	-0.102562	0.966989	-0.240530	0.084132	0.242433	0.970080	-0.013038	-0.078479	0.033004	0.996369						
04300														-2.781749	-9.353920	-0.205093	0.966434	-0.242895	0.083713	0.244928	0.969429	-0.014783	-0.077563	0.034790	0.996380						
04301														-2.914678	-9.452977	-0.438423	0.966109	-0.244221	0.083598	0.246362	0.969043	-0.016172	-0.077061	0.036219	0.996368						
04302														-2.810190	-9.504267	-0.409240	0.965838	-0.245119	0.084107	0.247319	0.968791	-0.016655	-0.077400	0.036888	0.996318						
04303														-2.667112	-9.423551	-0.412546	0.965133	-0.247514	0.085177	0.249815	0.968139	-0.017332	-0.078173	0.038006	0.996215						
04304														-2.924096	-9.425947	-0.329822	0.964076	-0.251236	0.086246	0.253670	0.967117	-0.018346	-0.078801	0.039565	0.996105						
04305														-2.984133	-9.365296	-0.419436	0.963173	-0.254410	0.087030	0.256941	0.966240	-0.019044	-0.079247	0.040704	0.996024						
04306														-3.017495	-9.436901	-0.524434	0.962108	-0.258232	0.087541	0.260839	0.965184	-0.019579	-0.079437	0.041671	0.995968						
04307														-3.349471	-9.302852	-0.566407	0.961638	-0.260139	0.087064	0.262662	0.964707	-0.018704	-0.079125	0.040854	0.996027						
04308														-3.046622	-9.295358	-0.343210	0.962418	-0.257445	0.086446	0.259804	0.965511	-0.017055	-0.079074	0.038873	0.996111						
04309														-2.612009	-9.262026	-0.305658	0.962101	-0.258577	0.086595	0.260991	0.965180	-0.017622	-0.079023	0.039554	0.996088						
04310														-2.954890	-9.292734	-0.208008	0.961430	-0.261067	0.086577	0.263656	0.964414	-0.019755	-0.078338	0.041819	0.996049						
04311														-3.022593	-9.419382	-0.408440	0.961355	-0.261419	0.086346	0.264148	0.964239	-0.021651	-0.077598	0.043622	0.996030						
04312														-2.812093	-9.388461	-0.601750	0.961030	-0.262667	0.086180	0.265511	0.963829	-0.023186	-0.076972	0.045164	0.996010						
04313														-2.974211	-9.324616	-0.550716	0.960679	-0.263991	0.086054	0.266951	0.963393	-0.024725	-0.076377	0.046725	0.995984						
04314														-2.927659	-9.438597	-0.383175	0.960516	-0.264632	0.085905	0.267670	0.963165	-0.025807	-0.075911	0.047783	0.995969						
04315														-2.846724	-9.377508	-0.395475	0.960685	-0.264189	0.085373	0.267258	0.963258	-0.026576	-0.075216	0.048348	0.995995						
04316														-2.833005	-9.463153	-0.442819	0.960780	-0.263988	0.084925	0.267101	0.963277	-0.027463	-0.074557	0.049070	0.996009						
04317														-2.791981	-9.425157	-0.529809	0.960497	-0.265141	0.084537	0.268287	0.962929	-0.028113	-0.073949	0.049683	0.996024						
04318														-2.991495	-9.339308	-0.411484	0.960079	-0.266741	0.084244	0.269918	0.962456	-0.028681	-0.073430	0.050275	0.996032						
04319														-3.052887	-9.413413	-0.249490	0.960635	-0.264817	0.083973	0.267936	0.963026	-0.028134	-0.073418	0.049526	0.996071						
04320														-2.313406	-9.402239	-0.429203	0.960414	-0.265615	0.083985	0.268730	0.962807	-0.028045	-0.073412	0.049504	0.996072						
04321														-2.939604	-9.368204	-0.439713	0.959314	-0.269521	0.084119	0.272693	0.961676	-0.028609	-0.073184	0.050383	0.996045						
04322														-2.865269	-9.403746	-0.423776	0.958752	-0.271412	0.084439	0.274540	0.961176	-0.027723	-0.073637	0.049761	0.996043						
04323														-2.971778	-9.517997	-0.231296	0.958977	-0.270714	0.084125	0.273645	0.961498	-0.025293	-0.074039	0.047276	0.996134						
04324														-2.374008	-9.412233	-0.491185	0.958894	-0.271041	0.084021	0.273766	0.961531	-0.022589	-0.074666	0.044663	0.996208						
04325														-2.580580	-9.484839	-0.434436	0.957493	-0.275851	0.084338	0.278398	0.960260	-0.019864	-0.075507	0.042499	0.996239						
04326														-2.710000	-9.697769	-0.608069	0.955893	-0.281175	0.084906	0.283405	0.958880	-0.015209	-0.077139	0.038601	0.996273						
04327														-2.305906	-9.606167	-0.685645	0.953880	-0.287640	0.085882	0.289475	0.957139	-0.009462	-0.079479	0.033887	0.996260						
04328														-2.129236	-9.570385	-0.667523	0.950758	-0.297303	0.087575	0.298760	0.954321	-0.003723	-0.082468	0.029704	0.996151						
04329														-1.994341	-9.509579	-0.844207	0.946270	-0.310601	0.089999	0.311800	0.950147	0.000771	-0.085751	0.027332	0.995942						
04330														-3.225207	-9.539455	-0.698631	0.942846	-0.320487	0.091269	0.321419	0.946926	0.004696	-0.087930	0.024908	0.995815						
04331														-2.593068	-9.345465	-0.763203	0.943999	-0.316755	0.092369	0.317200	0.948304	0.010212	-0.090829	0.019660	0.995672						
04332														-1.618551	-9.308862	-0.765026	0.944577	-0.314688	0.093519	0.314963	0.949026	0.012189	-0.092587	0.017942	0.995543						
04333														-2.381100	-9.376523	-0.718527	0.943124	-0.318739	0.094458	0.319269	0.947613	0.009854	-0.092651	0.020864	0.995480						
04334														-3.491016	-9.240705	-0.522618	0.944570	-0.314310	0.094851	0.315073	0.949040	0.007216	-0.092286	0.023069	0.995465						
04335														-2.395861	-9.025745	-0.326334	0.947467	-0.305106	0.095999	0.306185	0.951965	0.003642	-0.092499	0.025943	0.995375						
04336														-2.771161	-9.147250	0.032258	0.948967	-0.300150	0.096809	0.301864	0.953346	-0.003225	-0.091325	0.032284	0.995298						
04337														-3.616962	-9.492434	-0.114550	0.952385	-0.289328	0.096184	0.291523	0.956519	-0.009291	-0.089314	0.036889	0.995320						
04338														-3.038653	-10.259298	-0.552081	0.955392	-0.279678	0.094900	0.282139	0.959281	-0.013321	-0.087310	0.039502	0.995398						
04339														-3.496779	-10.182704	-0.532315	0.956005	-0.277746	0.094400	0.280570	0.959668	-0.017817	-0.085644	0.043519	0.995375						
04340														-3.214567	-9.794187	-0.485535	0.955178	-0.280426	0.094847	0.283638	0.958679	-0.021999	-0.084759	0.047915	0.995249						
04341														-2.777344	-9.170789	-0.518806	0.952498	-0.289263	0.095258	0.292873	0.955795	-0.026086	-0.083501	0.052746	0.995111						
04342														-2.647496	-8.986997	-0.399165	0.950921	-0.294845	0.093890	0.298631	0.953931	-0.028900	-0.081043	0.055520	0.995163						
04343														-2.170680	-9.155534	-0.687222	0.950322	-0.297592	0.091256	0.301374	0.953014	-0.030611	-0.077858	0.056593	0.995357						
04344														-2.053722	-9.189910	-1.264181	0.949430	-0.301078	0.089074	0.304858	0.951857	-0.032088	-0.075125	0.057620	0.995508						
04345														-2.196009	-9.184455	-1.522061	0.948073	-0.305427	0.088725	0.309303	0.950373	-0.033498	-0.074090	0.059202	0.995493						
04346														-2.154181	-9.490596	-1.731218	0.947582	-0.306638	0.089780	0.310712	0.949850	-0.035252	-0.074468	0.061300	0.995338						
04347														-1.356181	-9.578822	-2.152437	0.946292	-0.309677	0.092907	0.314396	0.948405	-0.041020	-0.075410	0.068027	0.994829						
04348														-2.089385	-9.660632	-2.413374	0.944453	-0.314095	0.096714	0.319873	0.946079	-0.051137	-0.075437	0.079232	0.993998						
04349														-2.784729	-9.583070	-2.467752	0.946493	-0.306917	0.099767	0.313758	0.947487	-0.061838	-0.075549	0.089832	0.993087						
04350														-2.193757	-9.772637	-3.011999	0.951232	-0.291194	0.101800	0.299212	0.951242	-0.074900	-0.075026	0.101707	0.991981						
04351														-1.560079	-9.769260	-3.244536	0.954065	-0.280837	0.104359	0.290558	0.952255	-0.093738	-0.073051	0.119754	0.990112						
04352														-2.076559	-9.582014	-2.992178	0.955171	-0.275455	0.108500	0.287543	0.950407	-0.118515	-0.070473	0.144401	0.987007						
04353														-2.681712	-9.350195	-2.671196	0.956376	-0.269155	0.113576	0.284106	0.947450	-0.147047	-0.068029	0.172900	0.982587						
04354														-2.642935	-9.128854	-2.533210	0.960075	-0.254212	0.116762	0.271933	0.946031	-0.176291	-0.065645	0.201004	0.977388						
04355														-1.844358	-8.930319	-2.753279	0.963096	-0.240785	0.120287	0.261589	0.942583	-0.207628	-0.063387	0.231431	0.970784						
04356														-2.521141	-8.556804	-2.558210	0.964101	-0.233916	0.125672	0.258420	0.935366	-0.241474	-0.061065	0.265281	0.962235						
04357														-3.552991	-8.648478	-2.268501	0.964729	-0.228386	0.130910	0.256670	0.926527	-0.275079	-0.058468	0.298978	0.952467						
04358														-3.942420	-9.241753	-1.587539	0.966591	-0.218452	0.134092	0.250080	0.918472	-0.306382	-0.056230	0.329680	0.942417						
04359														-3.835470	-9.750077	-1.084661	0.968404	-0.208820	0.136335	0.243531	0.909602	-0.336626	-0.053716	0.359192	0.931716						
04360														-4.198263	-10.080916	-0.815527	0.968899	-0.204774	0.138932	0.242372	0.898524	-0.365937	-0.049899	0.388229	0.920211						
04361														-4.954402	-10.483345	-0.720093	0.968771	-0.203695	0.141389	0.243688	0.887494	-0.391116	-0.045814	0.413356	0.909416						
04362														-5.539396	-9.959879	-0.647144	0.969706	-0.200319	0.139794	0.240797	0.880112	-0.409169	-0.041070	0.430436	0.901686						
04363														-5.228632	-8.872624	-0.765509	0.972066	-0.193025	0.133529	0.231893	0.877705	-0.419357	-0.036253	0.438606	0.897948						
04364														-4.165182	-8.070171	-0.737699	0.973442	-0.189967	0.127760	0.226729	0.877227	-0.423163	-0.031688	0.440892	0.897001						
04365														-3.982056	-7.890286	-0.657653	0.972653	-0.196246	0.124228	0.230755	0.877318	-0.420792	-0.026409	0.437951	0.898611						
04366														-4.395119	-8.131368	-0.987412	0.971621	-0.204126	0.119519	0.235537	0.881445	-0.409362	-0.021788	0.425896	0.904510						
04367														-3.912134	-8.546150	-1.384276	0.970679	-0.211143	0.114896	0.239520	0.889970	-0.388052	-0.020320	0.404193	0.914448						
04368														-3.147564	-9.198101	-2.003144	0.967021	-0.225923	0.117597	0.253442	0.899315	-0.356371	-0.025245	0.374422	0.926915						
04369														-4.141905	-8.758012	-1.444681	0.960912	-0.246981	0.125091	0.274493	0.908792	-0.314245	-0.036069	0.336298	0.941065						
04370														-4.090111	-8.419791	-0.500785	0.955591	-0.264068	0.130817	0.290317	0.919789	-0.264014	-0.050607	0.290268	0.955606						
04371														-2.854896	-8.342587	0.143031	0.947679	-0.288226	0.137226	0.312330	0.926031	-0.211935	-0.065990	0.243706	0.967602						
04372														-2.476422	-9.297369	1.331897	0.932906	-0.329589	0.145113	0.351096	0.922062	-0.162892	-0.080116	0.202912	0.975914						
04373														-2.928655	-9.922312	1.887331	0.911628	-0.381610	0.152670	0.399990	0.909159	-0.115922	-0.094564	0.166744	0.981455						
04374														-3.131359	-9.810947	1.912687	0.887036	-0.433958	0.157629	0.448368	0.891114	-0.069863	-0.110147	0.132647	0.985024						
04375														-2.829195	-10.290123	2.161000	0.860089	-0.484474	0.159786	0.493862	0.869242	-0.022783	-0.127855	0.098507	0.986889						
04376														-2.160436	-10.853514	2.580745	0.829962	-0.535634	0.155752	0.539650	0.841678	0.018890	-0.141211	0.068374	0.987616						
04377														-1.268701	-12.629060	2.240635	0.792823	-0.592091	0.144428	0.591201	0.804734	0.053715	-0.148030	0.042800	0.988056						
04378														-1.933235	-12.910722	1.168730	0.746057	-0.654120	0.124604	0.647838	0.756286	0.091317	-0.153968	0.012595	0.987996						
04379														-3.713076	-12.124589	1.038080	0.705347	-0.702375	0.095686	0.689253	0.711088	0.138867	-0.165578	-0.031998	0.985678						
04380														-3.735502	-11.733419	1.620322	0.680815	-0.729956	0.060449	0.709171	0.677567	0.194883	-0.183214	-0.089811	0.978962						
04381														-2.268970	-12.244508	2.058026	0.659962	-0.751049	0.019402	0.723366	0.642189	0.253642	-0.202957	-0.153359	0.967104						
04382														-2.481331	-12.983384	2.622193	0.635543	-0.771447	-0.030890	0.739278	0.596531	0.312442	-0.222606	-0.221406	0.949435						
04383														-3.775536	-13.258514	2.663556	0.620871	-0.779119	-0.086559	0.745325	0.552483	0.373167	-0.242919	-0.296203	0.923718						
04384														-3.582149	-12.452821	2.201768	0.619058	-0.772212	-0.143023	0.739521	0.511890	0.437125	-0.264341	-0.376374	0.887956						
04385														-2.674302	-11.609026	2.568538	0.625341	-0.755142	-0.196747	0.725883	0.470357	0.501855	-0.286430	-0.456646	0.842278						
04386														-2.569083	-10.219923	3.504995	0.626345	-0.738381	-0.249970	0.716114	0.418296	0.558757	-0.308014	-0.528982	0.790762						
04387														-3.401816	-8.402123	4.600330	0.629288	-0.716129	-0.301922	0.704546	0.361692	0.610568	-0.328042	-0.596941	0.732154						
04388														-3.450233	-6.403954	4.587183	0.639549	-0.686109	-0.346745	0.687699	0.309028	0.656941	-0.343579	-0.658602	0.669475						
04389														-1.796013	-4.852752	4.404498	0.649999	-0.654035	-0.386962	0.672489	0.257897	0.693720	-0.353921	-0.711145	0.607464						
04390														-0.835654	-3.520333	4.652225	0.648764	-0.626947	-0.431328	0.671998	0.206005	0.711323	-0.357106	-0.751332	0.554955						
04391														-2.423472	-3.314420	5.087364	0.639145	-0.603439	-0.476818	0.682254	0.158693	0.713685	-0.354997	-0.781459	0.513127						
04392														-4.371887	-3.067582	5.487294	0.636409	-0.578541	-0.510171	0.686334	0.122862	0.716834	-0.352037	-0.806347	0.475262						
04393														-3.695160	-2.908441	4.792753	0.645911	-0.555618	-0.523535	0.678655	0.103848	0.727078	-0.349610	-0.824927	0.444149						
04394														-1.919759	-2.984635	4.475090	0.654505	-0.538845	-0.530349	0.672583	0.094566	0.733955	-0.345335	-0.837080	0.424312						
04395														-2.321768	-2.947341	4.607137	0.655824	-0.529835	-0.537745	0.676532	0.096433	0.730072	-0.334961	-0.842601	0.421693						
04396														-3.891400	-3.607402	4.553180	0.655753	-0.527086	-0.540526	0.683579	0.110605	0.721447	-0.320480	-0.842583	0.432835						
04397														-5.156235	-4.373656	5.589545	0.656880	-0.530000	-0.536291	0.689204	0.133600	0.712144	-0.305788	-0.837407	0.453037						
04398														-5.918873	-5.286389	7.021037	0.660480	-0.541072	-0.520584	0.692708	0.171598	0.700507	-0.289693	-0.823283	0.488142						
04399														-6.038622	-6.103008	6.105289	0.667603	-0.559668	-0.490997	0.692515	0.224652	0.685532	-0.273367	-0.797686	0.537557						
04400														-5.399263	-6.333846	4.035114	0.673926	-0.583205	-0.453537	0.691972	0.283198	0.664058	-0.258841	-0.761361	0.594417						
04401														-4.903412	-6.278354	2.730634	0.674234	-0.612094	-0.413218	0.695946	0.339377	0.632837	-0.247118	-0.714258	0.654804						
04402														-4.853005	-7.089944	2.828387	0.665241	-0.646416	-0.373633	0.708566	0.388848	0.588838	-0.235348	-0.656463	0.716706						
04403														-4.810622	-8.171896	3.085828	0.653777	-0.680487	-0.330928	0.723848	0.434981	0.535571	-0.220501	-0.589685	0.776949						
04404														-4.991134	-9.795353	3.110207	0.647164	-0.707769	-0.283272	0.735066	0.480802	0.478025	-0.202133	-0.517583	0.831414						
04405														-5.307016	-10.669431	3.608200	0.649339	-0.725154	-0.229151	0.738106	0.528347	0.419582	-0.183190	-0.441589	0.878317						
04406														-5.229086	-10.507090	3.530413	0.659413	-0.732407	-0.169572	0.733725	0.577854	0.357395	-0.163771	-0.360090	0.918430						
04407														-5.142256	-10.777272	2.629440	0.675767	-0.729227	-0.107551	0.723033	0.627379	0.289170	-0.143396	-0.273175	0.951217						
04408														-5.109077	-11.209743	1.600416	0.696316	-0.716294	-0.045470	0.706869	0.673414	0.216450	-0.124422	-0.182859	0.975234						
04409														-5.147513	-11.475646	0.654940	0.718214	-0.695661	0.015011	0.687231	0.712561	0.141318	-0.109005	-0.091180	0.989850						
04410														-4.747456	-11.740094	-0.004190	0.741306	-0.667454	0.070504	0.664101	0.744646	0.066876	-0.097137	-0.002754	0.995267						
04411														-4.316524	-11.543901	-0.393894	0.763332	-0.635298	0.117135	0.640243	0.768148	-0.006103	-0.086100	0.079653	0.993097						
04412														-4.225114	-11.252192	-0.440464	0.781363	-0.604123	0.156548	0.619468	0.781224	-0.077126	-0.075705	0.157240	0.984654						
04413														-4.374587	-11.060388	-0.038690	0.797692	-0.572247	0.190318	0.599063	0.788202	-0.140930	-0.069363	0.226431	0.971554						
04414														-4.038008	-10.612769	0.948637	0.811944	-0.540546	0.220355	0.580018	0.789617	-0.200212	-0.065772	0.290371	0.954651						
04415														-3.560957	-9.975896	-0.164765	0.821792	-0.513285	0.247381	0.566418	0.783073	-0.256842	-0.061884	0.351192	0.934256						
04416														-5.430799	-8.924884	-0.127033	0.823097	-0.497421	0.274013	0.565056	0.765571	-0.307593	-0.056774	0.408011	0.911210						
04417														-6.699956	-8.341871	0.415329	0.830203	-0.474342	0.292851	0.554615	0.755825	-0.348038	-0.056255	0.451361	0.890566						
04418														-5.164896	-7.934122	0.544506	0.842407	-0.445987	0.302400	0.535550	0.754912	-0.378542	-0.059460	0.480837	0.874792						
04419														-3.910512	-7.499149	0.243030	0.848089	-0.430114	0.309430	0.526524	0.749484	-0.401306	-0.059306	0.503266	0.862094						
04420														-4.305473	-7.429858	-0.028160	0.845459	-0.430194	0.316436	0.531234	0.738143	-0.415856	-0.054676	0.519691	0.852603						
04421														-5.014144	-7.563736	-0.059803	0.840659	-0.436982	0.319905	0.539274	0.729723	-0.420342	-0.049761	0.525881	0.849101						
04422														-4.501439	-7.957488	-0.104868	0.835325	-0.447688	0.319072	0.547791	0.726836	-0.414288	-0.046441	0.520850	0.852384						
04423														-4.382069	-8.378465	0.138520	0.827719	-0.464960	0.314156	0.559545	0.726115	-0.399583	-0.042323	0.506527	0.861185						
04424														-4.012005	-10.047479	0.122059	0.816554	-0.489193	0.306481	0.575994	0.725714	-0.376258	-0.038355	0.483766	0.874356						
04425														-2.532190	-11.950259	-0.037310	0.796411	-0.525538	0.299230	0.603719	0.719857	-0.342534	-0.035388	0.453448	0.890580						
04426														-1.857143	-12.509156	-0.818553	0.762902	-0.577597	0.290453	0.645779	0.702224	-0.299752	-0.030827	0.416250	0.908728						
04427														-2.582733	-12.710857	-1.247548	0.720149	-0.636089	0.277086	0.693235	0.676062	-0.249730	-0.028476	0.371928	0.927825						
04428														-3.095823	-12.486201	-0.550370	0.677049	-0.690601	0.254311	0.735180	0.650364	-0.191146	-0.033389	0.316380	0.948045						
04429														-2.299789	-12.484939	0.157759	0.635949	-0.739217	0.221648	0.770344	0.625272	-0.124917	-0.046250	0.250186	0.967093						
04430														-2.032068	-12.427205	0.560104	0.597253	-0.782280	0.176992	0.799571	0.598075	-0.054713	-0.063053	0.174195	0.982690						
04431														-2.778755	-12.317230	0.925644	0.570521	-0.812779	0.117878	0.817217	0.576084	0.016878	-0.081626	0.086703	0.992885						
04432														-1.845677	-13.246958	1.193157	0.545380	-0.836549	0.052409	0.831917	0.547874	0.088022	-0.102349	-0.004405	0.994739						
04433														-1.132529	-13.994174	2.196739	0.507925	-0.861298	-0.013340	0.852106	0.500114	0.154278	-0.126208	-0.089729	0.987937						
04434														-3.350271	-12.917008	2.341700	0.473301	-0.876733	-0.085582	0.867617	0.447151	0.217478	-0.152402	-0.177185	0.972306						
04435														-4.525523	-11.864980	2.408167	0.462798	-0.872051	-0.159199	0.866513	0.407141	0.288777	-0.187011	-0.271594	0.944068						
04436														-2.775151	-11.830847	3.066910	0.466011	-0.855323	-0.226397	0.855022	0.369543	0.363835	-0.227533	-0.363125	0.903531						
04437														-1.873087	-11.550691	4.282834	0.465436	-0.836097	-0.290364	0.843516	0.319673	0.431613	-0.268049	-0.445814	0.854049						
04438														-2.897050	-9.200821	3.981792	0.471683	-0.808015	-0.353025	0.827486	0.267320	0.493769	-0.304602	-0.525025	0.794711						
04439														-3.156425	-7.624949	2.994104	0.482949	-0.771716	-0.413781	0.807270	0.209326	0.551813	-0.339228	-0.600530	0.724077						
04440														-3.329636	-5.560999	3.592592	0.483137	-0.734113	-0.477135	0.792415	0.134862	0.594887	-0.372367	-0.665501	0.646879						
04441														-4.413653	-3.546082	5.048874	0.478736	-0.693021	-0.539011	0.781323	0.056285	0.621584	-0.400433	-0.718716	0.568419						
04442														-5.131468	-3.245967	5.410461	0.477992	-0.648546	-0.592377	0.771582	-0.012257	0.636012	-0.419744	-0.761076	0.494548						
04443														-5.249236	-3.385635	5.231020	0.479423	-0.603291	-0.637333	0.762188	-0.073738	0.643143	-0.434998	-0.794105	0.424469						
04444														-5.592274	-2.964440	5.358600	0.485276	-0.560772	-0.670852	0.751307	-0.125042	0.647998	-0.447264	-0.818474	0.360632						
04445														-5.407153	-2.971297	5.145655	0.494821	-0.526072	-0.691664	0.739925	-0.162326	0.652811	-0.455701	-0.834804	0.308932						
04446														-4.756911	-3.047944	5.020609	0.506098	-0.499616	-0.703028	0.729420	-0.187019	0.658005	-0.460230	-0.845818	0.269780						
04447														-4.334937	-2.593148	4.548031	0.516544	-0.480808	-0.708524	0.722540	-0.199270	0.661987	-0.459477	-0.853882	0.244471						
04448														-4.276588	-2.265347	4.002584	0.523407	-0.470363	-0.710495	0.721286	-0.199349	0.663330	-0.453643	-0.859662	0.234926						
04449														-4.401486	-1.896704	3.554634	0.526186	-0.469054	-0.709307	0.725097	-0.188281	0.662408	-0.444254	-0.862866	0.241039						
04450														-4.561746	-1.851596	3.555146	0.525985	-0.477315	-0.703925	0.733040	-0.165265	0.659803	-0.431268	-0.863051	0.262964						
04451														-5.094787	-2.305241	4.257958	0.522526	-0.494605	-0.694501	0.744480	-0.132360	0.654393	-0.415591	-0.858980	0.299062						
04452														-5.820443	-2.656021	5.804786	0.518132	-0.522771	-0.676942	0.758002	-0.085964	0.646562	-0.396196	-0.848128	0.351721						
04453														-6.382511	-3.425888	5.477936	0.517193	-0.561354	-0.646060	0.771246	-0.021592	0.636170	-0.371066	-0.827294	0.421775						
04454														-6.888786	-5.337600	4.019306	0.515202	-0.605755	-0.606323	0.786149	0.052225	0.615827	-0.341374	-0.793936	0.503120						
04455														-7.720844	-6.955727	3.487323	0.506372	-0.652620	-0.563626	0.804005	0.121048	0.582172	-0.311711	-0.747953	0.586005						
04456														-7.855813	-8.131622	4.278818	0.507607	-0.696229	-0.507544	0.812881	0.191736	0.549966	-0.285588	-0.691739	0.663278						
04457														-7.496369	-9.434969	4.954934	0.514458	-0.736337	-0.439479	0.816914	0.265008	0.512272	-0.260739	-0.622558	0.737859						
04458														-6.031836	-9.591739	4.349840	0.534512	-0.764399	-0.360542	0.812299	0.346839	0.468905	-0.233381	-0.543504	0.806311						
04459														-5.575156	-9.410843	3.301297	0.554298	-0.783471	-0.280940	0.807821	0.425120	0.408287	-0.200448	-0.453262	0.868547						
04460														-5.895143	-10.197439	2.865419	0.569497	-0.796904	-0.201538	0.805284	0.491706	0.331276	-0.164898	-0.350956	0.921758						
04461														-5.949181	-11.362638	2.375353	0.594401	-0.795244	-0.119475	0.792722	0.554460	0.253310	-0.135200	-0.245278	0.959979						
04462														-4.900342	-11.106261	1.589994	0.627860	-0.777290	-0.040165	0.770284	0.613145	0.175261	-0.111602	-0.140978	0.983702						
04463														-3.847141	-11.113454	0.893806	0.660049	-0.750675	0.028681	0.746086	0.659515	0.091630	-0.087700	-0.039082	0.995380						
04464														-3.750925	-11.508831	0.314394	0.687720	-0.720957	0.085220	0.723056	0.690736	0.008577	-0.065048	0.055720	0.996325						
04465														-4.440678	-10.854133	0.032251	0.709635	-0.691809	0.133487	0.703011	0.707835	-0.068880	-0.046835	0.142723	0.988654						
04466														-5.162292	-10.086508	0.399303	0.732356	-0.658457	0.173461	0.680131	0.719645	-0.139760	-0.032804	0.220330	0.974874						
04467														-5.379581	-9.699991	0.958725	0.757797	-0.619398	0.205157	0.652047	0.730462	-0.203124	-0.024045	0.287698	0.957419						
04468														-4.704533	-9.313851	0.856576	0.782725	-0.578393	0.229788	0.622031	0.739158	-0.258306	-0.020447	0.345118	0.938337						
04469														-4.316647	-9.043305	0.099672	0.801707	-0.543584	0.248561	0.597437	0.741497	-0.305370	-0.018313	0.393316	0.919221						
04470														-4.743775	-8.775092	-0.438533	0.814581	-0.517440	0.262134	0.579814	0.739253	-0.342520	-0.016550	0.430999	0.902200						
04471														-4.850980	-8.809354	-0.293812	0.821091	-0.500300	0.274792	0.570549	0.733572	-0.369250	-0.016844	0.459970	0.887775						
04472														-5.043485	-8.824573	0.321104	0.822747	-0.491442	0.285608	0.568097	0.727562	-0.384604	-0.018787	0.478685	0.877786						
04473														-5.078150	-8.747772	0.383951	0.821634	-0.489469	0.292126	0.569638	0.723731	-0.389521	-0.020762	0.486450	0.873462						
04474														-4.722017	-8.424682	-0.113423	0.815815	-0.496730	0.296152	0.577883	0.719965	-0.384320	-0.022316	0.484675	0.874410						
04475														-4.717711	-8.277409	-0.047329	0.803283	-0.514639	0.299803	0.595135	0.713380	-0.370005	-0.023455	0.475642	0.879326						
04476														-4.684044	-8.882675	0.269126	0.786234	-0.539811	0.300733	0.617428	0.705877	-0.347160	-0.024880	0.458630	0.888279						
04477														-4.594297	-9.833620	-0.312023	0.764559	-0.572039	0.297019	0.643934	0.698092	-0.313077	-0.028255	0.430627	0.902088						
04478														-3.774343	-10.120585	-0.559062	0.741773	-0.607424	0.284268	0.669820	0.692101	-0.268956	-0.033372	0.389913	0.920247						
04479														-2.990355	-10.388190	-0.960376	0.718520	-0.644031	0.262587	0.694369	0.685833	-0.217909	-0.039751	0.338905	0.939981						
04480														-2.770529	-11.120912	-0.243208	0.691705	-0.683062	0.234459	0.720584	0.674366	-0.161212	-0.047993	0.280459	0.958665						
04481														-2.234782	-12.416970	1.124383	0.659564	-0.724281	0.200980	0.749364	0.654449	-0.100750	-0.058560	0.217058	0.974401						
04482														-2.319596	-12.442188	2.014426	0.626042	-0.763586	0.158140	0.776749	0.628534	-0.040080	-0.068792	0.147927	0.986603						
04483														-3.080638	-12.418146	1.375070	0.606502	-0.788600	0.101314	0.791091	0.611290	0.022360	-0.079565	0.066587	0.994603						
04484														-2.962870	-12.449610	0.871277	0.596432	-0.801658	0.040165	0.796655	0.597337	0.092353	-0.098027	-0.023084	0.994916						
04485														-2.274266	-13.464815	1.556380	0.584433	-0.811057	-0.025010	0.802724	0.573373	0.163941	-0.118625	-0.115889	0.986153						
04486														-2.714003	-14.149148	2.113803	0.565873	-0.818647	-0.097999	0.812932	0.534150	0.232001	-0.137580	-0.210950	0.967766						
04487														-4.259628	-13.438421	2.424859	0.542030	-0.821475	-0.177153	0.826010	0.482012	0.292185	-0.154633	-0.304703	0.939811						
04488														-5.926011	-12.417501	2.606933	0.524940	-0.811038	-0.258179	0.832957	0.427157	0.351739	-0.174990	-0.399693	0.899791						
04489														-5.826136	-10.998048	3.241486	0.523447	-0.784680	-0.332084	0.827571	0.375435	0.417343	-0.202805	-0.493280	0.845899						
04490														-4.498328	-9.076045	3.800891	0.528456	-0.749561	-0.398613	0.816730	0.320723	0.479676	-0.231702	-0.579047	0.781677						
04491														-3.444528	-6.855993	3.795869	0.528071	-0.710976	-0.464385	0.809588	0.256424	0.528029	-0.256337	-0.654797	0.711008						
04492														-3.867411	-4.877564	3.816469	0.516932	-0.669837	-0.533010	0.810766	0.183327	0.555922	-0.274662	-0.719521	0.637849						
04493														-4.716812	-4.256798	4.314355	0.507287	-0.623567	-0.594831	0.811890	0.114378	0.572496	-0.288954	-0.773357	0.564291						
04494														-4.701540	-3.592126	4.375754	0.504710	-0.576458	-0.642622	0.808065	0.053495	0.586660	-0.303808	-0.815373	0.492815						
04495														-4.296405	-2.793540	4.129829	0.507245	-0.533713	-0.676648	0.801038	0.002389	0.598609	-0.317869	-0.845662	0.428736						
04496														-3.945918	-2.533983	4.372061	0.509903	-0.498651	-0.700961	0.795448	-0.036916	0.604897	-0.327509	-0.866017	0.377827						
04497														-3.779757	-2.534591	4.490745	0.512964	-0.472281	-0.716812	0.791743	-0.062346	0.607664	-0.331678	-0.879241	0.341944						
04498														-3.782255	-2.532131	4.354005	0.515268	-0.455493	-0.725965	0.790449	-0.074768	0.607948	-0.331195	-0.887094	0.321518						
04499														-3.880638	-2.248908	4.258308	0.517913	-0.449656	-0.727719	0.790089	-0.074653	0.608430	-0.327911	-0.890077	0.316604						
04500														-4.133465	-2.106817	4.425634	0.520932	-0.455202	-0.722095	0.791347	-0.059588	0.608456	-0.319998	-0.888392	0.329182						
04501														-4.895975	-2.564512	4.273241	0.525617	-0.471211	-0.708299	0.792317	-0.032021	0.609268	-0.309775	-0.881439	0.356518						
04502														-5.695665	-3.169496	4.742994	0.531664	-0.496782	-0.685960	0.792282	0.005439	0.610131	-0.299371	-0.867858	0.396483						
