// General information: 
//  MT Manager version: 2022.2.0 
//  XDA version: 2022.2.0 build 7381 rev 124627 built on 2023-07-19
// Device information: 
//  DeviceId: 00B4D4BE
//  ProductCode: MTW2-3A7G6
//  Firmware Version: 4.6.0
//  Hardware Version: 2.0.0
// Device settings: 
//  Filter Profile: human(46.1)
//  Option Flags: Orientation Smoother Disabled, Position/Velocity Smoother Disabled, Continuous Zero Rotation Update Disabled, AHS Disabled, ICC Disabled
// Coordinate system: ENU
PacketCounter	SampleTimeFine	Year	Month	Day	Second	UTC_Nano	UTC_Year	UTC_Month	UTC_Day	UTC_Hour	UTC_Minute	UTC_Second	UTC_Valid	Acc_X	Acc_Y	Acc_Z	Mat[1][1]	Mat[2][1]	Mat[3][1]	Mat[1][2]	Mat[2][2]	Mat[3][2]	Mat[1][3]	Mat[2][3]	Mat[3][3]	Latitude	Longitude	Altitude	Vel_E	Vel_N	Vel_U
04221														0.742304	-9.673639	-1.599454	0.999935	0.005240	-0.010104	-0.005244	0.999986	-0.000288	0.010102	0.000341	0.999949						
04222														0.700523	-9.655384	-1.537216	0.999941	0.005188	-0.009523	-0.005190	0.999987	-0.000137	0.009522	0.000187	0.999955						
04223														0.672235	-9.636516	-1.561716	0.999945	0.005293	-0.009001	-0.005293	0.999986	0.000018	0.009001	0.000030	0.999959						
04224														0.696969	-9.651494	-1.587320	0.999949	0.005434	-0.008517	-0.005432	0.999985	0.000203	0.008518	-0.000157	0.999964						
04225														0.704608	-9.629792	-1.585049	0.999955	0.005072	-0.007984	-0.005068	0.999987	0.000506	0.007986	-0.000466	0.999968						
04226														0.707999	-9.620463	-1.592941	0.999960	0.004836	-0.007463	-0.004830	0.999988	0.000812	0.007467	-0.000776	0.999972						
04227														0.677592	-9.630253	-1.547005	0.999965	0.004708	-0.006886	-0.004700	0.999988	0.001181	0.006891	-0.001149	0.999976						
04228														0.690270	-9.636634	-1.513540	0.999970	0.004479	-0.006305	-0.004469	0.999989	0.001507	0.006312	-0.001479	0.999979						
04229														0.801950	-9.626129	-1.601832	0.999977	0.003723	-0.005698	-0.003712	0.999991	0.001876	0.005705	-0.001854	0.999982						
04230														0.640242	-9.606111	-1.518470	0.999983	0.002734	-0.005088	-0.002723	0.999994	0.002231	0.005094	-0.002217	0.999985						
04231														0.687163	-9.642973	-1.499433	0.999987	0.002492	-0.004459	-0.002481	0.999994	0.002530	0.004465	-0.002519	0.999987						
04232														0.769425	-9.598786	-1.543406	0.999991	0.002022	-0.003858	-0.002011	0.999994	0.002802	0.003864	-0.002794	0.999989						
04233														0.810734	-9.555109	-1.535469	0.999993	0.001430	-0.003340	-0.001420	0.999995	0.002966	0.003344	-0.002961	0.999990						
04234														0.805085	-9.591719	-1.586255	0.999995	0.001121	-0.002984	-0.001112	0.999995	0.003103	0.002987	-0.003100	0.999991						
04235														0.778044	-9.634978	-1.629894	0.999996	0.000947	-0.002791	-0.000937	0.999994	0.003432	0.002794	-0.003429	0.999990						
04236														0.788581	-9.617160	-1.536618	0.999996	0.000949	-0.002629	-0.000939	0.999992	0.003759	0.002633	-0.003757	0.999989						
04237														0.747611	-9.649036	-1.472383	0.999997	0.000637	-0.002534	-0.000627	0.999991	0.004095	0.002537	-0.004094	0.999988						
04238														0.670765	-9.640952	-1.405137	0.999997	0.000861	-0.002446	-0.000851	0.999991	0.004230	0.002449	-0.004228	0.999988						
04239														0.700948	-9.643467	-1.449876	0.999996	0.001614	-0.002389	-0.001604	0.999990	0.004199	0.002396	-0.004195	0.999988						
04240														0.751921	-9.586865	-1.492336	0.999994	0.002449	-0.002294	-0.002440	0.999989	0.003975	0.002304	-0.003970	0.999989						
04241														0.774740	-9.641545	-1.512329	0.999993	0.003129	-0.002182	-0.003121	0.999989	0.003631	0.002194	-0.003624	0.999991						
04242														0.826778	-9.596630	-1.596438	0.999992	0.003521	-0.002046	-0.003514	0.999988	0.003312	0.002057	-0.003305	0.999992						
04243														0.762250	-9.627573	-1.581752	0.999993	0.003292	-0.001913	-0.003286	0.999990	0.003091	0.001923	-0.003085	0.999993						
04244														0.751794	-9.649141	-1.536872	0.999992	0.003452	-0.001844	-0.003447	0.999990	0.002959	0.001854	-0.002953	0.999994						
04245														0.776048	-9.639452	-1.515002	0.999994	0.003122	-0.001796	-0.003117	0.999991	0.002819	0.001805	-0.002814	0.999994						
04246														0.693151	-9.655477	-1.492293	0.999992	0.003633	-0.001849	-0.003628	0.999990	0.002623	0.001859	-0.002617	0.999995						
04247														0.830047	-9.631850	-1.550063	0.999989	0.004169	-0.001943	-0.004165	0.999988	0.002465	0.001953	-0.002457	0.999995						
04248														0.741287	-9.638858	-1.517839	0.999989	0.004320	-0.002072	-0.004316	0.999988	0.002364	0.002082	-0.002355	0.999995						
04249														0.761760	-9.613333	-1.575128	0.999988	0.004492	-0.002183	-0.004487	0.999987	0.002270	0.002193	-0.002260	0.999995						
04250														0.709134	-9.650779	-1.566011	0.999989	0.004098	-0.002209	-0.004093	0.999989	0.002258	0.002218	-0.002249	0.999995						
04251														0.722509	-9.666118	-1.554527	0.999989	0.004123	-0.002185	-0.004118	0.999989	0.002322	0.002195	-0.002313	0.999995						
04252														0.745320	-9.623300	-1.471303	0.999990	0.003972	-0.002140	-0.003967	0.999989	0.002350	0.002149	-0.002342	0.999995						
04253														0.728471	-9.638765	-1.465683	0.999989	0.004181	-0.002144	-0.004176	0.999989	0.002252	0.002153	-0.002243	0.999995						
04254														0.759597	-9.640806	-1.521884	0.999987	0.004563	-0.002129	-0.004559	0.999987	0.002096	0.002138	-0.002087	0.999996						
04255														0.739708	-9.606435	-1.537763	0.999987	0.004656	-0.002080	-0.004653	0.999987	0.001845	0.002089	-0.001835	0.999996						
04256														0.756890	-9.611643	-1.568159	0.999985	0.004971	-0.002081	-0.004968	0.999986	0.001536	0.002089	-0.001525	0.999997						
04257														0.732152	-9.639209	-1.556650	0.999985	0.005153	-0.002095	-0.005150	0.999986	0.001246	0.002101	-0.001236	0.999997						
04258														0.756551	-9.631973	-1.595177	0.999981	0.005792	-0.002120	-0.005789	0.999983	0.001049	0.002126	-0.001037	0.999997						
04259														0.701956	-9.607597	-1.576884	0.999979	0.006123	-0.002184	-0.006121	0.999981	0.000937	0.002189	-0.000924	0.999997						
04260														0.723804	-9.598120	-1.545669	0.999976	0.006584	-0.002167	-0.006583	0.999978	0.000729	0.002172	-0.000714	0.999997						
04261														0.798897	-9.679599	-1.634894	0.999974	0.006925	-0.002126	-0.006923	0.999976	0.000701	0.002131	-0.000686	0.999997						
04262														0.785838	-9.599713	-1.597083	0.999974	0.006860	-0.002039	-0.006859	0.999976	0.000815	0.002044	-0.000801	0.999998						
04263														0.723235	-9.619247	-1.558182	0.999975	0.006761	-0.002014	-0.006759	0.999977	0.000966	0.002020	-0.000952	0.999998						
04264														0.767735	-9.625072	-1.560075	0.999976	0.006581	-0.001948	-0.006579	0.999978	0.001088	0.001955	-0.001075	0.999998						
04265														0.746914	-9.622220	-1.562927	0.999978	0.006326	-0.001855	-0.006324	0.999979	0.001309	0.001863	-0.001297	0.999997						
04266														0.769380	-9.637312	-1.597386	0.999980	0.005986	-0.001801	-0.005983	0.999981	0.001595	0.001810	-0.001584	0.999997						
04267														0.753913	-9.691072	-1.519181	0.999983	0.005552	-0.001703	-0.005549	0.999983	0.001969	0.001714	-0.001960	0.999997						
04268														0.689041	-9.658671	-1.448572	0.999984	0.005437	-0.001625	-0.005433	0.999983	0.002256	0.001638	-0.002247	0.999996						
04269														0.702511	-9.581561	-1.434684	0.999983	0.005682	-0.001520	-0.005678	0.999981	0.002331	0.001533	-0.002323	0.999996						
04270														0.739893	-9.583267	-1.518640	0.999982	0.005886	-0.001367	-0.005883	0.999980	0.002219	0.001380	-0.002211	0.999997						
04271														0.752196	-9.665417	-1.598536	0.999978	0.006451	-0.001213	-0.006448	0.999977	0.002192	0.001227	-0.002184	0.999997						
04272														0.785762	-9.664876	-1.603400	0.999979	0.006451	-0.001009	-0.006449	0.999977	0.002290	0.001024	-0.002284	0.999997						
04273														0.788257	-9.621929	-1.572211	0.999981	0.006186	-0.000785	-0.006184	0.999978	0.002542	0.000801	-0.002537	0.999996						
04274														0.819739	-9.600429	-1.545219	0.999984	0.005583	-0.000632	-0.005581	0.999980	0.002822	0.000648	-0.002819	0.999996						
04275														0.816617	-9.643842	-1.554331	0.999987	0.004972	-0.000550	-0.004970	0.999983	0.003134	0.000566	-0.003132	0.999995						
04276														0.758172	-9.653932	-1.552779	0.999991	0.004242	-0.000382	-0.004241	0.999985	0.003454	0.000397	-0.003453	0.999994						
04277														0.737782	-9.629856	-1.534125	0.999995	0.003110	-0.000184	-0.003109	0.999988	0.003822	0.000196	-0.003821	0.999993						
04278														0.733619	-9.615808	-1.413783	0.999998	0.002124	-0.000034	-0.002124	0.999989	0.004085	0.000042	-0.004085	0.999992						
04279														0.834690	-9.602609	-1.414516	0.999999	0.001655	-0.000011	-0.001655	0.999990	0.004195	0.000018	-0.004195	0.999991						
04280														0.719592	-9.640717	-1.406721	0.999998	0.002113	-0.000152	-0.002112	0.999990	0.004064	0.000160	-0.004064	0.999992						
04281														0.819423	-9.663187	-1.520355	0.999996	0.002757	-0.000346	-0.002756	0.999989	0.003844	0.000357	-0.003843	0.999993						
04282														0.763977	-9.619948	-1.542229	0.999996	0.002905	-0.000526	-0.002904	0.999989	0.003667	0.000536	-0.003666	0.999993						
04283														0.767838	-9.650228	-1.573770	0.999996	0.002926	-0.000618	-0.002924	0.999989	0.003542	0.000628	-0.003541	0.999994						
04284														0.743155	-9.585479	-1.568823	0.999997	0.002493	-0.000706	-0.002490	0.999991	0.003545	0.000715	-0.003543	0.999993						
04285														0.683202	-9.599441	-1.451914	0.999997	0.002407	-0.000799	-0.002404	0.999991	0.003458	0.000807	-0.003456	0.999994						
04286														0.782876	-9.647736	-1.456660	0.999995	0.003088	-0.000951	-0.003085	0.999990	0.003230	0.000961	-0.003228	0.999994						
04287														0.771868	-9.634112	-1.550687	0.999992	0.003740	-0.001179	-0.003737	0.999989	0.002980	0.001190	-0.002975	0.999995						
04288														0.783512	-9.663724	-1.630841	0.999990	0.004369	-0.001371	-0.004365	0.999986	0.002833	0.001384	-0.002827	0.999995						
04289														0.768071	-9.624213	-1.574892	0.999990	0.004133	-0.001491	-0.004128	0.999987	0.002837	0.001503	-0.002830	0.999995						
04290														0.726912	-9.603577	-1.513304	0.999990	0.004062	-0.001652	-0.004058	0.999988	0.002806	0.001663	-0.002799	0.999995						
04291														0.778947	-9.651546	-1.604377	0.999990	0.004139	-0.001842	-0.004134	0.999987	0.002850	0.001853	-0.002842	0.999994						
04292														0.742672	-9.630733	-1.570490	0.999991	0.003877	-0.001985	-0.003871	0.999988	0.003016	0.001997	-0.003009	0.999993						
04293														0.785954	-9.658280	-1.591381	0.999991	0.003637	-0.002117	-0.003630	0.999988	0.003285	0.002129	-0.003277	0.999992						
04294														0.711768	-9.659887	-1.532786	0.999993	0.003052	-0.002202	-0.003044	0.999989	0.003666	0.002213	-0.003659	0.999991						
04295														0.720361	-9.623782	-1.478653	0.999995	0.002419	-0.002206	-0.002410	0.999989	0.003969	0.002216	-0.003963	0.999990						
04296														0.699473	-9.609060	-1.450652	0.999996	0.001846	-0.002215	-0.001836	0.999989	0.004224	0.002222	-0.004220	0.999989						
04297														0.735538	-9.620665	-1.512712	0.999996	0.001766	-0.002257	-0.001756	0.999989	0.004355	0.002265	-0.004351	0.999988						
04298														0.742639	-9.641742	-1.570423	0.999996	0.001534	-0.002258	-0.001524	0.999988	0.004573	0.002265	-0.004569	0.999987						
04299														0.717602	-9.679537	-1.534491	0.999997	0.001241	-0.002208	-0.001231	0.999988	0.004807	0.002214	-0.004804	0.999986						
04300														0.754186	-9.636384	-1.525754	0.999997	0.000822	-0.002121	-0.000811	0.999987	0.005091	0.002125	-0.005089	0.999985						
04301														0.712453	-9.628049	-1.482051	0.999998	0.000588	-0.002038	-0.000577	0.999986	0.005349	0.002042	-0.005348	0.999984						
04302														0.728142	-9.610089	-1.428541	0.999998	0.000605	-0.001999	-0.000594	0.999985	0.005455	0.002002	-0.005454	0.999983						
04303														0.723410	-9.634309	-1.469892	0.999998	0.000817	-0.001947	-0.000806	0.999985	0.005454	0.001952	-0.005453	0.999983						
04304														0.725557	-9.633971	-1.480768	0.999998	0.001075	-0.001872	-0.001065	0.999985	0.005388	0.001877	-0.005386	0.999984						
04305														0.745304	-9.639334	-1.518722	0.999997	0.001520	-0.001792	-0.001511	0.999985	0.005295	0.001800	-0.005292	0.999984						
04306														0.759835	-9.614120	-1.527612	0.999997	0.001610	-0.001660	-0.001601	0.999985	0.005205	0.001668	-0.005202	0.999985						
04307														0.767294	-9.622786	-1.548127	0.999997	0.001733	-0.001565	-0.001725	0.999985	0.005123	0.001574	-0.005120	0.999986						
04308														0.747314	-9.671888	-1.573148	0.999997	0.002002	-0.001507	-0.001994	0.999984	0.005241	0.001517	-0.005238	0.999985						
04309														0.761978	-9.641964	-1.480622	0.999997	0.002103	-0.001442	-0.002095	0.999983	0.005353	0.001453	-0.005350	0.999985						
04310														0.723706	-9.633200	-1.457629	0.999996	0.002352	-0.001351	-0.002344	0.999982	0.005480	0.001364	-0.005476	0.999984						
04311														0.748931	-9.604975	-1.472960	0.999996	0.002511	-0.001260	-0.002504	0.999982	0.005479	0.001274	-0.005476	0.999984						
04312														0.769647	-9.629228	-1.480827	0.999996	0.002731	-0.001179	-0.002725	0.999982	0.005402	0.001194	-0.005399	0.999985						
04313														0.744807	-9.668981	-1.498185	0.999996	0.002664	-0.001106	-0.002659	0.999983	0.005206	0.001120	-0.005203	0.999986						
04314														0.759309	-9.612737	-1.507513	0.999996	0.002704	-0.000927	-0.002699	0.999984	0.005055	0.000941	-0.005052	0.999987						
04315														0.758598	-9.612328	-1.500814	0.999997	0.002457	-0.000835	-0.002453	0.999985	0.004795	0.000847	-0.004793	0.999988						
04316														0.768254	-9.682381	-1.533077	0.999997	0.002452	-0.000700	-0.002448	0.999986	0.004600	0.000711	-0.004598	0.999989						
04317														0.769307	-9.641527	-1.554758	0.999997	0.002184	-0.000611	-0.002182	0.999988	0.004491	0.000621	-0.004489	0.999990						
04318														0.720267	-9.602378	-1.476212	0.999998	0.002090	-0.000521	-0.002087	0.999988	0.004342	0.000530	-0.004341	0.999990						
04319														0.730727	-9.651022	-1.497645	0.999997	0.002482	-0.000459	-0.002480	0.999988	0.004131	0.000469	-0.004130	0.999991						
04320														0.743317	-9.656657	-1.498431	0.999996	0.002832	-0.000394	-0.002831	0.999988	0.003927	0.000405	-0.003926	0.999992						
04321														0.773296	-9.644130	-1.456687	0.999996	0.002796	-0.000261	-0.002795	0.999990	0.003596	0.000271	-0.003595	0.999993						
04322														0.808199	-9.671408	-1.425999	0.999997	0.002592	-0.000228	-0.002591	0.999992	0.003097	0.000236	-0.003097	0.999995						
04323														0.859534	-9.561572	-1.460953	0.999997	0.002268	-0.000319	-0.002267	0.999994	0.002430	0.000324	-0.002429	0.999997						
04324														0.753874	-9.492914	-1.487397	0.999997	0.002269	-0.000580	-0.002268	0.999996	0.001539	0.000584	-0.001537	0.999999						
04325														0.803570	-9.534603	-1.479999	0.999996	0.002508	-0.000997	-0.002507	0.999997	0.000204	0.000997	-0.000202	0.999999						
04326														0.799044	-9.471756	-1.276887	0.999997	0.001709	-0.001459	-0.001712	0.999997	-0.001736	0.001456	0.001738	0.999997						
04327														0.626673	-9.611882	-1.165652	0.999995	0.002349	-0.002243	-0.002359	0.999987	-0.004555	0.002232	0.004560	0.999987						
04328														0.795921	-9.815163	-1.701744	0.999980	0.005385	-0.003379	-0.005409	0.999959	-0.007195	0.003340	0.007213	0.999968						
04329														0.980347	-9.572102	-1.765122	0.999953	0.008306	-0.004970	-0.008354	0.999919	-0.009607	0.004890	0.009648	0.999942						
04330														0.926118	-9.474494	-1.654638	0.999921	0.010459	-0.006978	-0.010542	0.999873	-0.011954	0.006852	0.012027	0.999904						
04331														0.543304	-9.770083	-1.453036	0.999841	0.015029	-0.009627	-0.015165	0.999784	-0.014238	0.009410	0.014382	0.999852						
04332														0.864566	-9.460727	-1.992393	0.999721	0.020271	-0.012108	-0.020470	0.999654	-0.016533	0.011769	0.016777	0.999790						
04333														1.707284	-8.466799	-3.573443	0.999608	0.024767	-0.013086	-0.025067	0.999416	-0.023214	0.012503	0.023533	0.999645						
04334														0.454993	-9.679150	-2.790363	0.999479	0.028697	-0.014783	-0.029142	0.999101	-0.030783	0.013886	0.031198	0.999417						
04335														1.135339	-9.979600	-2.408966	0.999325	0.032556	-0.016990	-0.033133	0.998843	-0.034868	0.015835	0.035407	0.999247						
04336														0.502135	-9.792642	-2.185537	0.999363	0.030147	-0.019108	-0.030828	0.998863	-0.036366	0.017990	0.036932	0.999156						
04337														0.359577	-9.748627	-1.695177	0.999327	0.029780	-0.021422	-0.030584	0.998800	-0.038241	0.020258	0.038870	0.999039						
04338														0.366746	-9.716683	-1.574838	0.999288	0.029637	-0.023366	-0.030580	0.998688	-0.041084	0.022118	0.041769	0.998882						
04339														0.343380	-9.317080	-2.176319	0.999250	0.029723	-0.024822	-0.030849	0.998452	-0.046281	0.023408	0.047012	0.998620						
04340														0.608862	-9.271395	-2.570962	0.999237	0.029693	-0.025376	-0.031036	0.998043	-0.054280	0.023715	0.055026	0.998203						
04341														0.364424	-9.389577	-2.542760	0.999305	0.028029	-0.024580	-0.029548	0.997524	-0.063813	0.022730	0.064494	0.997659						
04342														0.598670	-9.512825	-2.523514	0.999447	0.023969	-0.023069	-0.025607	0.996962	-0.073562	0.021236	0.074112	0.997024						
04343														0.420608	-9.267147	-2.267334	0.999632	0.017048	-0.021094	-0.018741	0.996388	-0.082824	0.019606	0.083189	0.996341						
04344														0.357463	-9.289586	-2.568623	0.999741	0.011397	-0.019684	-0.013152	0.995724	-0.091440	0.018558	0.091675	0.995616						
04345														0.646671	-9.521244	-3.092741	0.999741	0.011251	-0.019765	-0.013148	0.995038	-0.098624	0.018557	0.098858	0.994929						
04346														1.265343	-9.309901	-3.198932	0.999681	0.014107	-0.020935	-0.016226	0.994368	-0.104732	0.019340	0.105038	0.994280						
04347														0.925678	-9.115957	-2.848973	0.999603	0.016605	-0.022747	-0.019017	0.993720	-0.110268	0.020774	0.110657	0.993642						
04348														0.496043	-9.237025	-2.684091	0.999494	0.019395	-0.025213	-0.022179	0.993085	-0.115287	0.022803	0.115788	0.993012						
04349														0.448386	-9.515247	-2.771555	0.999351	0.022285	-0.028293	-0.025521	0.992479	-0.119728	0.025412	0.120372	0.992404						
04350														0.866491	-9.436702	-3.044272	0.999205	0.024516	-0.031437	-0.028236	0.991887	-0.123946	0.028144	0.124735	0.991791						
04351														1.036321	-9.279302	-3.121285	0.999078	0.025244	-0.034715	-0.029481	0.991397	-0.127530	0.031197	0.128436	0.991227						
04352														0.502387	-9.234146	-3.092630	0.998879	0.027210	-0.038745	-0.032043	0.990976	-0.130155	0.034854	0.131251	0.990736						
04353														0.690837	-8.958736	-3.662245	0.998554	0.031330	-0.043673	-0.036875	0.990487	-0.132574	0.039104	0.133993	0.990210						
04354														0.833512	-8.350664	-3.786565	0.998265	0.033596	-0.048353	-0.039931	0.989810	-0.136682	0.043268	0.138376	0.989434						
04355														0.680089	-8.315514	-3.560253	0.997899	0.036726	-0.053368	-0.043971	0.988943	-0.141629	0.047576	0.143678	0.988480						
04356														0.222770	-8.418898	-3.747484	0.997371	0.042106	-0.058979	-0.050365	0.987943	-0.146398	0.052103	0.148984	0.987466						
04357														0.508534	-8.958468	-4.129156	0.996770	0.047339	-0.064872	-0.056638	0.987068	-0.149965	0.056934	0.153155	0.986561						
04358														-0.406425	-9.720609	-3.888024	0.996435	0.047648	-0.069613	-0.057756	0.986803	-0.151275	0.061487	0.154757	0.986037						
04359														-0.325570	-10.087459	-3.839978	0.996157	0.048288	-0.073072	-0.058921	0.986750	-0.151169	0.064804	0.154894	0.985803						
04360														-0.264816	-10.226840	-3.144143	0.996341	0.043054	-0.073827	-0.053834	0.987084	-0.150889	0.066377	0.154312	0.985790						
04361														-1.002874	-10.317316	-2.150325	0.996598	0.038630	-0.072804	-0.049315	0.987270	-0.151216	0.066036	0.154292	0.985816						
04362														-0.996211	-9.818244	-1.771016	0.996877	0.035780	-0.070403	-0.046176	0.987290	-0.152075	0.064067	0.154851	0.985858						
04363														-1.028258	-9.482542	-2.051607	0.997038	0.036896	-0.067487	-0.046980	0.986870	-0.154532	0.060900	0.157245	0.985680						
04364														-0.247726	-9.279099	-2.658450	0.997167	0.040010	-0.063689	-0.049704	0.986066	-0.158753	0.056450	0.161469	0.985262						
04365														-0.308602	-9.032425	-2.686489	0.997324	0.043521	-0.058749	-0.052660	0.985009	-0.164269	0.050719	0.166923	0.984665						
04366														-0.198152	-8.694078	-2.385763	0.997603	0.045151	-0.052438	-0.053516	0.983814	-0.171017	0.043868	0.173413	0.983872						
04367														-0.176145	-8.640473	-2.563507	0.998000	0.044728	-0.044659	-0.052067	0.982348	-0.179669	0.035834	0.181635	0.982713						
04368														0.064711	-8.903893	-2.787939	0.998379	0.044370	-0.035639	-0.050369	0.980406	-0.190438	0.026491	0.191924	0.981052						
04369														0.508863	-8.856392	-2.978348	0.998851	0.041060	-0.024704	-0.045237	0.978036	-0.203467	0.015807	0.204351	0.978770						
04370														-0.105499	-8.569812	-2.629634	0.999384	0.033588	-0.010188	-0.035011	0.974502	-0.221631	0.002484	0.221852	0.975077						
04371														-1.289766	-8.796057	-1.383893	0.999582	0.028131	0.006697	-0.025611	0.968765	-0.246653	-0.013427	0.246378	0.969081						
04372														-1.092913	-9.555987	0.245031	0.999316	0.027554	0.024653	-0.019509	0.959379	-0.281444	-0.031407	0.280771	0.959261						
04373														-0.467428	-11.204296	0.209159	0.998681	0.031226	0.040769	-0.016216	0.945026	-0.326592	-0.048726	0.325500	0.944286						
04374														1.731174	-13.357852	-1.782040	0.997828	0.037868	0.053903	-0.014854	0.926528	-0.375933	-0.064179	0.374315	0.925078						
04375														2.604655	-13.920219	-3.137540	0.996731	0.037382	0.071621	-0.003475	0.905529	-0.424271	-0.080715	0.422635	0.902698						
04376														2.225125	-12.659166	-3.568911	0.994973	0.035769	0.093542	0.012756	0.881174	-0.472621	-0.099332	0.471438	0.876287						
04377														2.205209	-12.023357	-4.588059	0.993131	0.042494	0.109015	0.020822	0.852659	-0.522053	-0.115137	0.520737	0.845917						
04378														1.401778	-12.160500	-5.176289	0.990908	0.037038	0.129342	0.042575	0.825636	-0.562595	-0.127627	0.562986	0.816552						
04379														-0.125214	-9.886232	-6.141803	0.988563	0.036759	0.146259	0.057379	0.805219	-0.590196	-0.139465	0.591838	0.793900						
04380														1.332161	-6.409127	-8.862818	0.987384	0.047779	0.150966	0.055273	0.789426	-0.611352	-0.148386	0.611983	0.776826						
04381														2.593644	-7.000206	-4.509305	0.986248	0.042344	0.159753	0.066863	0.781755	-0.619991	-0.151141	0.622147	0.768173						
04382														0.056662	-6.863759	-3.488859	0.987026	0.039056	0.155737	0.065548	0.787438	-0.612898	-0.146571	0.615155	0.774662						
04383														1.005334	-5.107322	-4.409706	0.989935	0.047245	0.133408	0.041682	0.803498	-0.593847	-0.135249	0.593430	0.793441						
04384														2.406058	-6.410505	-4.825726	0.992572	0.053138	0.109443	0.017208	0.829207	-0.558677	-0.120438	0.556410	0.822133						
04385														1.974766	-6.568666	-5.801108	0.994801	0.056586	0.084673	-0.005744	0.861284	-0.508092	-0.101679	0.504964	0.857131						
04386														2.108567	-6.139644	-6.628910	0.996347	0.061336	0.059422	-0.028677	0.895709	-0.443716	-0.080441	0.440391	0.894195						
04387														2.538401	-5.896281	-6.948657	0.997225	0.064488	0.037204	-0.046205	0.927919	-0.369908	-0.058377	0.367162	0.928323						
04388														2.919239	-6.957475	-7.061001	0.997569	0.067799	0.016134	-0.060160	0.954598	-0.291761	-0.035182	0.290081	0.956355						
04389														3.299360	-7.518609	-7.609925	0.998024	0.062834	0.000610	-0.061291	0.975569	-0.210970	-0.013851	0.210516	0.977492						
04390														2.225691	-7.492547	-7.374180	0.998583	0.051943	-0.011603	-0.053024	0.989778	-0.132390	0.004608	0.132818	0.991130						
04391														2.056530	-7.301117	-7.103961	0.998906	0.041397	-0.021771	-0.042670	0.997184	-0.061664	0.019157	0.062525	0.997859						
04392														2.028894	-7.490494	-6.887035	0.999249	0.025985	-0.028758	-0.026069	0.999657	-0.002537	0.028682	0.003285	0.999583						
04393														1.397157	-6.653648	-6.233407	0.999372	0.004726	-0.035118	-0.003293	0.999163	0.040767	0.035281	-0.040626	0.998551						
04394														0.318919	-5.495991	-5.703514	0.998836	-0.018884	-0.044386	0.021670	0.997769	0.063145	0.043095	-0.064033	0.997017						
04395														-1.949625	-4.104014	-9.342348	0.998501	-0.021102	-0.050493	0.023733	0.998361	0.052081	0.049312	-0.053201	0.997366						
04396														-0.621207	-10.769528	0.136464	0.997350	-0.043936	-0.057994	0.044789	0.998905	0.013501	0.057337	-0.016062	0.998226						
04397														5.158494	-18.530291	0.206830	0.998168	0.030970	-0.051973	-0.031809	0.999375	-0.015397	0.051463	0.017022	0.998530						
04398														3.028672	-7.657894	-1.266769	0.997645	0.039577	-0.056025	-0.041642	0.998477	-0.036191	0.054507	0.038438	0.997773						
04399														2.951827	-8.294711	-5.654018	0.996737	0.046185	-0.066198	-0.050571	0.996525	-0.066190	0.062911	0.069322	0.995609						
04400														-1.058864	-9.002598	-5.293391	0.996626	0.038117	-0.072691	-0.045005	0.994402	-0.095602	0.068640	0.098551	0.992762						
04401														-2.135956	-10.113604	-3.908949	0.995829	0.042943	-0.080503	-0.052413	0.991453	-0.119471	0.074685	0.123192	0.989569						
04402														-1.504795	-9.816445	-3.628524	0.994794	0.053584	-0.086678	-0.065212	0.988364	-0.137422	0.078306	0.142360	0.986713						
04403														-1.180804	-9.208145	-3.580585	0.993641	0.065875	-0.091308	-0.079492	0.984778	-0.154575	0.079736	0.160851	0.983753						
04404														-0.213757	-9.645310	-3.743035	0.991995	0.081142	-0.096754	-0.096958	0.980323	-0.171946	0.080899	0.179951	0.980343						
04405														0.168292	-9.894256	-4.402840	0.990762	0.090959	-0.100579	-0.108578	0.976432	-0.186522	0.081243	0.195720	0.977289						
04406														0.100898	-9.461818	-4.809723	0.990360	0.093401	-0.102288	-0.112256	0.973822	-0.197658	0.081149	0.207235	0.974920						
04407														-0.223224	-9.091431	-5.401498	0.990437	0.092632	-0.102241	-0.112222	0.971995	-0.206477	0.080252	0.215976	0.973095						
04408														-0.176930	-9.131063	-5.034372	0.990648	0.091034	-0.101632	-0.111016	0.970828	-0.212529	0.079319	0.221824	0.971855						
04409														-0.368280	-9.148191	-4.599713	0.991123	0.087533	-0.100069	-0.107476	0.970574	-0.215488	0.078262	0.224330	0.971366						
04410														-0.403980	-8.939181	-4.374413	0.991640	0.083986	-0.097963	-0.103588	0.970823	-0.216269	0.076941	0.224608	0.971407						
04411														-0.108205	-8.908108	-4.294738	0.992031	0.081268	-0.096282	-0.100496	0.971294	-0.215613	0.075996	0.223571	0.971721						
04412														0.327092	-8.950303	-4.438005	0.992567	0.077002	-0.094238	-0.095751	0.972085	-0.214204	0.075114	0.221635	0.972232						
04413														-0.211482	-9.331934	-3.864792	0.993144	0.072371	-0.091796	-0.090484	0.973127	-0.211744	0.074005	0.218599	0.973004						
04414														-0.041202	-9.415831	-3.310818	0.994058	0.064291	-0.087833	-0.081509	0.974470	-0.209198	0.072141	0.215114	0.973921						
04415														-0.417475	-9.298646	-2.707856	0.995054	0.055120	-0.082637	-0.071327	0.975479	-0.208212	0.069134	0.213076	0.974587						
04416														-0.499171	-9.003284	-2.556776	0.995957	0.046067	-0.077126	-0.061319	0.976021	-0.208860	0.065655	0.212745	0.974900						
04417														-0.411163	-8.910254	-2.762477	0.996631	0.039705	-0.071763	-0.054110	0.975871	-0.211535	0.061632	0.214706	0.974732						
04418														-0.518017	-8.963251	-2.546056	0.997360	0.032387	-0.065001	-0.045791	0.975155	-0.216737	0.056366	0.219141	0.974064						
04419														-0.806972	-8.816288	-2.214288	0.997963	0.027617	-0.057510	-0.039891	0.973620	-0.224664	0.049788	0.226500	0.972738						
04420														-0.428830	-8.952714	-2.623222	0.998522	0.023943	-0.048796	-0.034794	0.971272	-0.235413	0.041757	0.236763	0.970670						
04421														-0.106553	-8.968953	-2.633998	0.999163	0.017019	-0.037201	-0.025760	0.968167	-0.248975	0.031779	0.249725	0.967795						
04422														-0.203262	-8.698741	-2.289106	0.999727	0.007522	-0.022125	-0.013151	0.963715	-0.266611	0.019317	0.266829	0.963550						
04423														-0.786734	-8.451120	-1.089664	0.999990	-0.002762	-0.003497	0.001624	0.956663	-0.291192	0.004149	0.291184	0.956658						
04424														-3.074835	-9.853331	0.718621	0.999827	-0.007336	0.017114	0.012504	0.945560	-0.325207	-0.013797	0.325365	0.945488						
04425														0.392389	-11.649289	-0.186431	0.999508	0.010404	0.029594	0.001259	0.929332	-0.369242	-0.031344	0.369098	0.928862						
04426														2.904896	-13.240634	-1.968371	0.998854	0.017383	0.044595	0.002891	0.908108	-0.418726	-0.047776	0.418375	0.907017						
04427														3.119109	-13.713407	-2.970315	0.997712	0.017217	0.065385	0.015481	0.883176	-0.468786	-0.065818	0.468726	0.880888						
04428														2.690526	-13.089909	-4.555873	0.996196	0.018306	0.085193	0.028499	0.855467	-0.517072	-0.082345	0.517533	0.851692						
04429														1.423992	-11.576954	-5.662240	0.994011	0.017231	0.107910	0.046246	0.828372	-0.558267	-0.099010	0.559914	0.822614						
04430														-0.691457	-10.092384	-7.104481	0.991480	0.018460	0.128947	0.061955	0.803946	-0.591466	-0.114585	0.594415	0.795953						
04431														-0.044547	-8.692512	-7.609539	0.989629	0.026655	0.141155	0.066979	0.783659	-0.617570	-0.127079	0.620619	0.773746						
04432														2.297470	-8.214020	-4.874433	0.988221	0.029250	0.150210	0.073092	0.772147	-0.631226	-0.134448	0.634771	0.760914						
04433														0.934086	-7.568664	-3.911663	0.988188	0.029010	0.150475	0.073278	0.772935	-0.630239	-0.134590	0.633821	0.761680						
04434														1.731233	-6.330171	-4.767641	0.989237	0.031251	0.142947	0.064513	0.783698	-0.617782	-0.131334	0.620355	0.773247						
04435														1.784725	-6.454046	-4.453552	0.990756	0.031547	0.131940	0.053255	0.804063	-0.592154	-0.124769	0.593706	0.794950						
04436														2.326728	-6.544269	-4.848120	0.992892	0.031558	0.114762	0.037622	0.831559	-0.554161	-0.112920	0.554539	0.824461						
04437														2.812141	-7.274306	-5.241634	0.994927	0.026013	0.097174	0.026540	0.863886	-0.502988	-0.097032	0.503015	0.858814						
04438														2.434139	-7.415260	-5.426178	0.996618	0.015719	0.080654	0.021442	0.897777	-0.439928	-0.079325	0.440170	0.894404						
04439														1.476458	-7.588153	-5.477688	0.997937	0.008965	0.063568	0.015190	0.929111	-0.369489	-0.062374	0.369692	0.927058						
04440														0.288025	-7.944393	-5.702732	0.998842	0.019362	0.044049	-0.005386	0.954698	-0.297527	-0.047814	0.296946	0.953697						
04441														1.328046	-7.935136	-6.853304	0.998445	0.050252	0.024131	-0.043498	0.973032	-0.226530	-0.034864	0.225128	0.973705						
04442														2.904958	-8.082198	-7.216585	0.997154	0.074723	0.010007	-0.072233	0.984954	-0.156997	-0.021588	0.155827	0.987548						
04443														2.598213	-7.855800	-6.860381	0.996645	0.081847	-0.000242	-0.081519	0.992384	-0.092353	-0.007319	0.092063	0.995726						
04444														2.203889	-7.002429	-7.048620	0.997257	0.073267	-0.010509	-0.073608	0.996603	-0.036948	0.007766	0.037620	0.999262						
04445														0.806478	-6.620235	-6.781632	0.998523	0.049107	-0.023237	-0.049000	0.998785	0.005174	0.023463	-0.004028	0.999717						
04446														-0.490881	-6.074035	-6.427399	0.998998	0.024062	-0.037741	-0.022875	0.999239	0.031580	0.038472	-0.030685	0.998788						
04447														-0.541214	-5.860927	-6.221494	0.998602	0.006794	-0.052415	-0.004648	0.999151	0.040944	0.052649	-0.040643	0.997786						
04448														-0.645128	-6.277230	-5.893501	0.997777	-0.005507	-0.066407	0.007645	0.999459	0.031996	0.066195	-0.032432	0.997279						
04449														-1.062307	-6.562173	-4.615283	0.997144	-0.018706	-0.073165	0.019044	0.999811	0.003932	0.073077	-0.005314	0.997312						
04450														-0.223282	-13.838552	3.332584	0.996654	0.029677	-0.076158	-0.031824	0.999125	-0.027124	0.075286	0.029457	0.996727						
04451														5.744064	-15.109780	-2.704395	0.995555	0.061640	-0.071205	-0.065718	0.996242	-0.056416	0.067460	0.060844	0.995865						
04452														3.284500	-7.144826	-5.426617	0.991770	0.102498	-0.076725	-0.109019	0.990288	-0.086279	0.067136	0.093933	0.993312						
04453														2.066383	-8.013645	-7.160712	0.992390	0.090897	-0.083067	-0.100308	0.988030	-0.117199	0.071419	0.124640	0.989628						
04454														-2.188988	-9.231125	-5.290004	0.991982	0.089004	-0.089726	-0.101139	0.984788	-0.141292	0.075786	0.149234	0.985893						
04455														-0.736478	-10.556099	-5.160244	0.991404	0.089123	-0.095789	-0.103593	0.981890	-0.158618	0.079918	0.167178	0.982682						
04456														-1.739052	-9.752828	-4.983339	0.990521	0.094287	-0.099887	-0.110443	0.979056	-0.171033	0.081669	0.180443	0.980189						
04457														-0.283307	-9.427305	-5.627683	0.989986	0.096969	-0.102586	-0.114404	0.976869	-0.180659	0.082695	0.190586	0.978181						
04458														-0.757131	-9.340783	-5.478573	0.989989	0.096117	-0.103357	-0.114190	0.975841	-0.186267	0.082956	0.196205	0.977048						
04459														-0.776827	-9.682500	-5.192842	0.989764	0.097711	-0.104019	-0.115915	0.975586	-0.186538	0.083252	0.196686	0.976926						
04460														-0.045516	-9.452849	-5.106960	0.989646	0.099341	-0.103597	-0.117096	0.976208	-0.182499	0.083002	0.192740	0.977733						
04461														-0.044914	-9.267266	-4.572546	0.990216	0.096089	-0.101189	-0.112841	0.977984	-0.175541	0.082094	0.185242	0.979258						
04462														-0.222692	-9.185964	-4.011411	0.990913	0.091501	-0.098586	-0.107065	0.980239	-0.166341	0.081418	0.175384	0.981128						
04463														0.285886	-9.248423	-3.542784	0.991474	0.087445	-0.096605	-0.101855	0.982487	-0.156029	0.081269	0.164538	0.983017						
04464														0.868294	-9.225478	-2.838784	0.992105	0.081849	-0.095022	-0.095150	0.984825	-0.145140	0.081701	0.153035	0.984838						
04465														0.419751	-9.001774	-2.611345	0.992727	0.075010	-0.094162	-0.087395	0.986962	-0.135162	0.082796	0.142408	0.986339						
04466														-0.580095	-9.254613	-2.291242	0.993193	0.068728	-0.094039	-0.080394	0.988704	-0.126493	0.084283	0.133192	0.987500						
04467														0.032102	-9.429034	-2.621650	0.993709	0.061038	-0.093900	-0.071994	0.990389	-0.118098	0.085789	0.124115	0.988552						
04468														-0.292443	-9.304234	-2.588683	0.994469	0.049562	-0.092600	-0.059762	0.992039	-0.110845	0.086370	0.115766	0.989514						
04469														-0.953053	-9.268041	-1.513282	0.994962	0.040946	-0.091512	-0.050532	0.993187	-0.105010	0.086588	0.109105	0.990252						
04470														-1.078404	-9.162928	-1.047084	0.995436	0.033823	-0.089240	-0.042900	0.993876	-0.101839	0.085249	0.105202	0.990790						
04471														-1.537892	-9.206837	-0.510971	0.996118	0.023751	-0.084761	-0.032471	0.994148	-0.103028	0.081818	0.105381	0.991060						
04472														-1.803308	-9.352337	-0.009061	0.996829	0.016630	-0.077813	-0.025092	0.993718	-0.109064	0.075511	0.110671	0.990984						
04473														-1.379718	-8.937912	0.461156	0.997640	0.010791	-0.067813	-0.019006	0.992386	-0.121693	0.065983	0.122695	0.990249						
04474														-1.606533	-9.136860	0.435002	0.998412	0.009393	-0.055547	-0.017157	0.989861	-0.140996	0.053660	0.141725	0.988451						
04475														-1.542315	-8.962863	-0.031735	0.999109	0.010861	-0.040782	-0.017507	0.985912	-0.166347	0.038400	0.166912	0.985224						
04476														-1.895058	-8.214017	0.199496	0.999642	0.013766	-0.022933	-0.018080	0.979615	-0.200070	0.019711	0.200413	0.979513						
04477														-2.251378	-9.219041	1.361801	0.999729	0.022879	-0.004290	-0.023233	0.969277	-0.244872	-0.001444	0.244906	0.969546						
04478														0.121401	-11.765881	-1.066480	0.999017	0.043616	0.007964	-0.039295	0.954206	-0.296560	-0.020534	0.295955	0.954981						
04479														3.724911	-14.483157	-2.656327	0.998376	0.053282	0.020155	-0.042836	0.935402	-0.350981	-0.037554	0.349547	0.936166						
04480														2.845114	-14.588304	-2.279615	0.998064	0.047033	0.040687	-0.026465	0.913260	-0.406516	-0.056277	0.404652	0.912737						
04481														2.516506	-14.328419	-2.269535	0.997033	0.041481	0.064849	-0.006723	0.886102	-0.463441	-0.076687	0.461630	0.883752						
04482														2.250630	-12.445030	-5.132789	0.995451	0.042384	0.085323	0.007595	0.857438	-0.514532	-0.094967	0.512840	0.853216						
04483														1.407026	-10.052815	-8.213649	0.993983	0.040635	0.101720	0.022563	0.832772	-0.553156	-0.107187	0.552123	0.826844						
04484														0.528146	-7.627185	-8.858272	0.992963	0.028275	0.115002	0.043740	0.814855	-0.578013	-0.110053	0.578975	0.807883						
04485														2.324249	-6.788721	-5.057549	0.992129	0.010704	0.124765	0.065234	0.806285	-0.587919	-0.106889	0.591430	0.799241						
04486														0.004150	-6.863850	-2.156196	0.991580	-0.011872	0.128950	0.084676	0.812843	-0.576295	-0.097974	0.582361	0.807005						
04487														0.423833	-5.798359	-3.984833	0.994155	-0.011851	0.107310	0.069413	0.831457	-0.551235	-0.082691	0.555462	0.827420						
04488														2.049351	-6.810256	-4.533491	0.996215	-0.011654	0.086136	0.054012	0.859423	-0.508405	-0.068102	0.511133	0.856799						
04489														1.968186	-7.020748	-5.292413	0.997784	-0.012237	0.065408	0.040346	0.892916	-0.448413	-0.052917	0.450058	0.891430						
04490														2.719466	-7.471356	-5.899107	0.998829	-0.015106	0.045964	0.031222	0.926982	-0.373805	-0.036961	0.374803	0.926368						
04491														2.285747	-7.748250	-6.108730	0.999296	-0.023143	0.029518	0.030695	0.956853	-0.288946	-0.021558	0.289649	0.956890						
04492														0.983549	-7.486783	-6.318262	0.999773	-0.019051	0.009527	0.020584	0.979147	-0.202108	-0.005478	0.202258	0.979317						
04493														1.361496	-8.264804	-6.477034	0.999923	0.001608	-0.012289	-0.003054	0.992940	-0.118581	0.012012	0.118609	0.992868						
04494														2.341288	-7.877529	-6.805952	0.999311	0.023315	-0.028890	-0.024507	0.998834	-0.041589	0.027887	0.042268	0.998717						
04495														2.819012	-7.413719	-6.424376	0.998808	0.030732	-0.037912	-0.029854	0.999278	0.023510	0.038607	-0.022350	0.999004						
04496														2.084847	-7.065216	-6.087125	0.998807	0.021045	-0.044056	-0.017776	0.997150	0.073322	0.045474	-0.072452	0.996335						
04497														0.483845	-6.110458	-5.114851	0.998600	0.006200	-0.052529	-0.000687	0.994543	0.104330	0.052889	-0.104148	0.993155						
04498														0.392857	-6.489038	-4.449102	0.998020	-0.007130	-0.062490	0.014314	0.993230	0.115280	0.061245	-0.115946	0.991365						
04499														-0.062968	-5.467145	-6.028105	0.997725	-0.009474	-0.066745	0.016087	0.994933	0.099241	0.065467	-0.100089	0.992822						
04500														0.696136	-10.270930	1.024333	0.997053	-0.034693	-0.068416	0.039364	0.996898	0.068153	0.065839	-0.070646	0.995326						
04501														-3.328093	-13.353830	3.720653	0.997495	-0.016037	-0.068893	0.019300	0.998710	0.046968	0.068051	-0.048180	0.996518						
04502														1.201012	-13.549882	0.265889	0.997269	0.032251	-0.066442	-0.031070	0.999342	0.018737	0.067002	-0.016621	0.997614						
04503														2.189366	-6.654103	-6.102257	0.994746	0.077487	-0.066908	-0.078538	0.996823	-0.013223	0.065671	0.018408	0.997672						
