// General information: 
//  MT Manager version: 2022.2.0 
//  XDA version: 2022.2.0 build 7381 rev 124627 built on 2023-07-19
// Device information: 
//  DeviceId: 00B4D4A7
//  ProductCode: MTW2-3A7G6
//  Firmware Version: 4.6.0
//  Hardware Version: 2.0.0
// Device settings: 
//  Filter Profile: human(46.1)
//  Option Flags: Orientation Smoother Disabled, Position/Velocity Smoother Disabled, Continuous Zero Rotation Update Disabled, AHS Disabled, ICC Disabled
// Coordinate system: ENU
PacketCounter	SampleTimeFine	Year	Month	Day	Second	UTC_Nano	UTC_Year	UTC_Month	UTC_Day	UTC_Hour	UTC_Minute	UTC_Second	UTC_Valid	Acc_X	Acc_Y	Acc_Z	Mat[1][1]	Mat[2][1]	Mat[3][1]	Mat[1][2]	Mat[2][2]	Mat[3][2]	Mat[1][3]	Mat[2][3]	Mat[3][3]	Latitude	Longitude	Altitude	Vel_E	Vel_N	Vel_U
04221														-1.079013	-5.811197	7.849537	0.999622	-0.027362	-0.002645	0.027353	0.999620	-0.003465	0.002739	0.003391	0.999990						
04222														-1.091039	-5.769729	7.847040	0.999608	-0.027864	-0.002594	0.027855	0.999605	-0.003694	0.002696	0.003620	0.999990						
04223														-1.119158	-5.796267	7.853624	0.999592	-0.028435	-0.002566	0.028425	0.999588	-0.003989	0.002679	0.003915	0.999989						
04224														-1.105246	-5.793256	7.849235	0.999574	-0.029093	-0.002468	0.029082	0.999568	-0.004348	0.002594	0.004274	0.999988						
04225														-1.093513	-5.789151	7.831062	0.999557	-0.029670	-0.002447	0.029658	0.999549	-0.004717	0.002585	0.004642	0.999986						
04226														-1.100745	-5.822018	7.840282	0.999541	-0.030201	-0.002377	0.030189	0.999532	-0.005034	0.002528	0.004960	0.999985						
04227														-1.123287	-5.819253	7.834714	0.999520	-0.030900	-0.002309	0.030887	0.999509	-0.005329	0.002473	0.005255	0.999983						
04228														-1.106328	-5.806443	7.831269	0.999502	-0.031498	-0.002139	0.031486	0.999489	-0.005581	0.002313	0.005510	0.999982						
04229														-1.086515	-5.814863	7.832258	0.999482	-0.032128	-0.002038	0.032115	0.999467	-0.005875	0.002226	0.005806	0.999981						
04230														-1.126903	-5.826990	7.828441	0.999463	-0.032717	-0.001935	0.032705	0.999447	-0.006034	0.002131	0.005967	0.999980						
04231														-1.118287	-5.802121	7.842161	0.999446	-0.033250	-0.001759	0.033239	0.999428	-0.006238	0.001966	0.006176	0.999979						
04232														-1.086956	-5.842459	7.831477	0.999426	-0.033828	-0.001598	0.033817	0.999408	-0.006408	0.001814	0.006350	0.999978						
04233														-1.074096	-5.836200	7.815050	0.999408	-0.034382	-0.001409	0.034372	0.999389	-0.006405	0.001629	0.006353	0.999978						
04234														-1.056864	-5.820940	7.813502	0.999395	-0.034768	-0.001308	0.034759	0.999376	-0.006325	0.001527	0.006276	0.999979						
04235														-1.084667	-5.833631	7.809216	0.999376	-0.035305	-0.001328	0.035296	0.999358	-0.006171	0.001545	0.006120	0.999980						
04236														-1.075550	-5.807218	7.838515	0.999361	-0.035730	-0.001370	0.035721	0.999344	-0.005955	0.001582	0.005902	0.999981						
04237														-1.112479	-5.797239	7.838041	0.999343	-0.036208	-0.001442	0.036199	0.999328	-0.005840	0.001652	0.005784	0.999982						
04238														-1.118643	-5.797323	7.859491	0.999324	-0.036739	-0.001456	0.036730	0.999309	-0.005749	0.001666	0.005691	0.999982						
04239														-1.106646	-5.810256	7.834161	0.999306	-0.037237	-0.001378	0.037228	0.999290	-0.005869	0.001596	0.005813	0.999982						
04240														-1.099293	-5.823073	7.816317	0.999286	-0.037755	-0.001208	0.037747	0.999269	-0.005981	0.001433	0.005931	0.999981						
04241														-1.077852	-5.811697	7.841175	0.999263	-0.038357	-0.001100	0.038350	0.999246	-0.006035	0.001331	0.005988	0.999981						
04242														-1.067987	-5.834017	7.815321	0.999247	-0.038778	-0.001060	0.038771	0.999230	-0.005993	0.001292	0.005947	0.999981						
04243														-1.097871	-5.798389	7.851333	0.999236	-0.039079	-0.001075	0.039072	0.999219	-0.005879	0.001304	0.005832	0.999982						
04244														-1.089556	-5.810670	7.848361	0.999218	-0.039529	-0.001056	0.039522	0.999202	-0.005742	0.001282	0.005696	0.999983						
04245														-1.073297	-5.814640	7.837891	0.999206	-0.039832	-0.001089	0.039826	0.999191	-0.005660	0.001314	0.005613	0.999983						
04246														-1.095042	-5.790442	7.857178	0.999193	-0.040144	-0.001108	0.040137	0.999178	-0.005622	0.001332	0.005573	0.999984						
04247														-1.086647	-5.823484	7.844254	0.999176	-0.040576	-0.001151	0.040569	0.999161	-0.005660	0.001379	0.005609	0.999983						
04248														-1.105240	-5.799636	7.841325	0.999155	-0.041073	-0.001208	0.041065	0.999140	-0.005710	0.001441	0.005655	0.999983						
04249														-1.092128	-5.814111	7.829369	0.999139	-0.041472	-0.001290	0.041464	0.999124	-0.005722	0.001526	0.005663	0.999983						
04250														-1.111431	-5.800540	7.839781	0.999115	-0.042048	-0.001375	0.042040	0.999100	-0.005657	0.001611	0.005594	0.999983						
04251														-1.095846	-5.816177	7.841666	0.999095	-0.042522	-0.001349	0.042514	0.999080	-0.005702	0.001590	0.005640	0.999983						
04252														-1.098467	-5.797168	7.849989	0.999072	-0.043041	-0.001338	0.043033	0.999057	-0.005731	0.001583	0.005668	0.999983						
04253														-1.103386	-5.807527	7.848342	0.999057	-0.043403	-0.001349	0.043394	0.999041	-0.005823	0.001600	0.005759	0.999982						
04254														-1.086747	-5.832973	7.827440	0.999036	-0.043886	-0.001358	0.043877	0.999019	-0.005927	0.001617	0.005861	0.999982						
04255														-1.105087	-5.820367	7.837259	0.999019	-0.044257	-0.001322	0.044249	0.999003	-0.006003	0.001587	0.005939	0.999981						
04256														-1.090786	-5.804527	7.821498	0.999002	-0.044649	-0.001261	0.044641	0.998985	-0.006052	0.001530	0.005989	0.999981						
04257														-1.101718	-5.804858	7.850162	0.998985	-0.045025	-0.001249	0.045017	0.998968	-0.006086	0.001522	0.006023	0.999981						
04258														-1.070081	-5.815092	7.849910	0.998966	-0.045436	-0.001252	0.045427	0.998949	-0.006159	0.001530	0.006095	0.999980						
04259														-1.107863	-5.844688	7.816159	0.998947	-0.045851	-0.001278	0.045842	0.998930	-0.006176	0.001560	0.006111	0.999980						
04260														-1.094369	-5.808421	7.810069	0.998933	-0.046165	-0.001250	0.046157	0.998915	-0.006123	0.001531	0.006058	0.999980						
04261														-1.089915	-5.812954	7.850442	0.998909	-0.046686	-0.001176	0.046678	0.998892	-0.006069	0.001458	0.006008	0.999981						
04262														-1.072999	-5.836920	7.830688	0.998888	-0.047134	-0.001198	0.047126	0.998871	-0.005927	0.001476	0.005864	0.999982						
04263														-1.101195	-5.818204	7.822936	0.998869	-0.047538	-0.001178	0.047531	0.998853	-0.005709	0.001448	0.005647	0.999983						
04264														-1.082996	-5.803232	7.835856	0.998852	-0.047887	-0.001172	0.047880	0.998838	-0.005519	0.001435	0.005457	0.999984						
04265														-1.091173	-5.812001	7.857317	0.998834	-0.048259	-0.001139	0.048252	0.998821	-0.005302	0.001394	0.005241	0.999985						
04266														-1.082770	-5.793068	7.851090	0.998818	-0.048589	-0.001164	0.048582	0.998806	-0.005106	0.001411	0.005043	0.999986						
04267														-1.107514	-5.788457	7.883140	0.998796	-0.049048	-0.001201	0.049041	0.998784	-0.005026	0.001446	0.004961	0.999987						
04268														-1.121809	-5.784081	7.849290	0.998777	-0.049426	-0.001186	0.049419	0.998764	-0.005252	0.001444	0.005187	0.999986						
04269														-1.121089	-5.796984	7.838506	0.998760	-0.049776	-0.001168	0.049769	0.998745	-0.005538	0.001442	0.005473	0.999984						
04270														-1.089032	-5.828342	7.828135	0.998737	-0.050227	-0.001143	0.050219	0.998722	-0.005663	0.001426	0.005598	0.999983						
04271														-1.088666	-5.800612	7.836681	0.998718	-0.050603	-0.001076	0.050596	0.998703	-0.005770	0.001367	0.005708	0.999983						
04272														-1.093102	-5.811378	7.834774	0.998698	-0.050997	-0.001031	0.050990	0.998682	-0.005879	0.001330	0.005819	0.999982						
04273														-1.081870	-5.816058	7.831216	0.998680	-0.051346	-0.000985	0.051339	0.998664	-0.005940	0.001289	0.005881	0.999982						
04274														-1.088674	-5.804973	7.825429	0.998660	-0.051748	-0.000921	0.051741	0.998643	-0.005948	0.001228	0.005893	0.999982						
04275														-1.078960	-5.810965	7.857500	0.998644	-0.052047	-0.000930	0.052040	0.998627	-0.005932	0.001238	0.005875	0.999982						
04276														-1.088406	-5.797886	7.838430	0.998628	-0.052351	-0.000923	0.052344	0.998612	-0.005906	0.001231	0.005849	0.999982						
04277														-1.108512	-5.802506	7.826131	0.998603	-0.052839	-0.000908	0.052833	0.998586	-0.005868	0.001216	0.005811	0.999982						
04278														-1.089541	-5.808707	7.828916	0.998584	-0.053186	-0.000803	0.053180	0.998568	-0.005814	0.001111	0.005763	0.999983						
04279														-1.071366	-5.806064	7.853889	0.998566	-0.053536	-0.000787	0.053531	0.998549	-0.005782	0.001096	0.005732	0.999983						
04280														-1.089118	-5.801402	7.842110	0.998555	-0.053733	-0.000844	0.053727	0.998539	-0.005786	0.001154	0.005732	0.999983						
04281														-1.084693	-5.804895	7.846528	0.998533	-0.054129	-0.000962	0.054122	0.998517	-0.005918	0.001281	0.005857	0.999982						
04282														-1.080477	-5.817838	7.828174	0.998521	-0.054346	-0.001227	0.054338	0.998504	-0.006083	0.001556	0.006008	0.999981						
04283														-1.099499	-5.807213	7.850767	0.998503	-0.054667	-0.001525	0.054656	0.998485	-0.006289	0.001867	0.006197	0.999979						
04284														-1.091054	-5.821222	7.824191	0.998479	-0.055103	-0.001875	0.055090	0.998461	-0.006421	0.002226	0.006308	0.999978						
04285														-1.122486	-5.815042	7.827581	0.998457	-0.055482	-0.002104	0.055468	0.998440	-0.006441	0.002458	0.006314	0.999977						
04286														-1.092479	-5.794500	7.823807	0.998433	-0.055910	-0.002256	0.055895	0.998416	-0.006450	0.002613	0.006314	0.999977						
04287														-1.086586	-5.818850	7.832733	0.998413	-0.056262	-0.002438	0.056245	0.998396	-0.006470	0.002799	0.006322	0.999976						
04288														-1.098179	-5.816957	7.826097	0.998388	-0.056694	-0.002592	0.056676	0.998371	-0.006516	0.002957	0.006359	0.999975						
04289														-1.125569	-5.820587	7.821382	0.998369	-0.057021	-0.002775	0.057002	0.998353	-0.006466	0.003139	0.006298	0.999975						
04290														-1.108732	-5.806903	7.833412	0.998349	-0.057374	-0.002862	0.057355	0.998333	-0.006401	0.003224	0.006226	0.999975						
04291														-1.120330	-5.815057	7.840393	0.998328	-0.057727	-0.002985	0.057707	0.998314	-0.006306	0.003344	0.006123	0.999976						
04292														-1.109920	-5.807554	7.824752	0.998308	-0.058073	-0.003065	0.058053	0.998294	-0.006247	0.003423	0.006059	0.999976						
04293														-1.096186	-5.794387	7.858431	0.998295	-0.058281	-0.003177	0.058261	0.998282	-0.006172	0.003531	0.005976	0.999976						
04294														-1.140836	-5.802015	7.842056	0.998276	-0.058602	-0.003286	0.058581	0.998263	-0.006191	0.003643	0.005988	0.999975						
04295														-1.147356	-5.803246	7.862647	0.998253	-0.058991	-0.003307	0.058969	0.998240	-0.006237	0.003669	0.006031	0.999975						
04296														-1.121477	-5.798304	7.808869	0.998238	-0.059251	-0.003317	0.059229	0.998225	-0.006289	0.003684	0.006081	0.999975						
04297														-1.120749	-5.813107	7.847961	0.998216	-0.059618	-0.003374	0.059596	0.998203	-0.006309	0.003744	0.006097	0.999974						
04298														-1.131121	-5.810951	7.841644	0.998195	-0.059966	-0.003408	0.059944	0.998182	-0.006275	0.003779	0.006059	0.999975						
04299														-1.151536	-5.795964	7.838320	0.998174	-0.060303	-0.003390	0.060281	0.998161	-0.006328	0.003765	0.006112	0.999974						
04300														-1.148769	-5.808899	7.842204	0.998152	-0.060666	-0.003354	0.060644	0.998139	-0.006398	0.003736	0.006183	0.999974						
04301														-1.111595	-5.800904	7.843453	0.998136	-0.060931	-0.003322	0.060909	0.998123	-0.006427	0.003708	0.006213	0.999974						
04302														-1.118478	-5.809265	7.828472	0.998123	-0.061144	-0.003318	0.061121	0.998110	-0.006414	0.003704	0.006199	0.999974						
04303														-1.131776	-5.807951	7.843553	0.998104	-0.061457	-0.003297	0.061434	0.998090	-0.006485	0.003689	0.006271	0.999974						
04304														-1.117165	-5.811989	7.818634	0.998092	-0.061657	-0.003257	0.061635	0.998077	-0.006528	0.003653	0.006314	0.999973						
04305														-1.117743	-5.805695	7.853485	0.998073	-0.061972	-0.003181	0.061950	0.998058	-0.006590	0.003583	0.006381	0.999973						
04306														-1.132940	-5.818939	7.796955	0.998056	-0.062237	-0.003121	0.062216	0.998041	-0.006610	0.003527	0.006403	0.999973						
04307														-1.123100	-5.805283	7.838573	0.998037	-0.062546	-0.003036	0.062525	0.998022	-0.006531	0.003439	0.006328	0.999974						
04308														-1.104852	-5.822657	7.854300	0.998021	-0.062805	-0.002993	0.062785	0.998006	-0.006519	0.003397	0.006318	0.999974						
04309														-1.111785	-5.811326	7.848622	0.998001	-0.063129	-0.002986	0.063108	0.997985	-0.006559	0.003394	0.006358	0.999974						
04310														-1.111154	-5.802932	7.848306	0.997977	-0.063503	-0.002938	0.063482	0.997961	-0.006629	0.003353	0.006429	0.999974						
04311														-1.112149	-5.812804	7.825016	0.997958	-0.063815	-0.002872	0.063795	0.997941	-0.006694	0.003293	0.006497	0.999973						
04312														-1.106706	-5.816147	7.829780	0.997935	-0.064172	-0.002889	0.064151	0.997918	-0.006676	0.003312	0.006476	0.999974						
04313														-1.130234	-5.801692	7.848042	0.997912	-0.064520	-0.002812	0.064500	0.997895	-0.006711	0.003239	0.006516	0.999974						
04314														-1.107787	-5.808324	7.828802	0.997882	-0.064986	-0.002765	0.064966	0.997865	-0.006760	0.003198	0.006566	0.999973						
04315														-1.122576	-5.824919	7.821166	0.997862	-0.065294	-0.002688	0.065275	0.997845	-0.006700	0.003120	0.006510	0.999974						
04316														-1.116846	-5.788581	7.844899	0.997835	-0.065715	-0.002627	0.065696	0.997817	-0.006739	0.003064	0.006552	0.999974						
04317														-1.098947	-5.826696	7.850493	0.997813	-0.066043	-0.002631	0.066023	0.997795	-0.006849	0.003078	0.006660	0.999973						
04318														-1.104425	-5.813703	7.809303	0.997788	-0.066430	-0.002598	0.066411	0.997769	-0.006901	0.003050	0.006713	0.999973						
04319														-1.118199	-5.803925	7.846438	0.997782	-0.066524	-0.002541	0.066505	0.997762	-0.006981	0.002999	0.006797	0.999972						
04320														-1.109493	-5.818076	7.842290	0.997765	-0.066779	-0.002459	0.066760	0.997744	-0.007051	0.002924	0.006872	0.999972						
04321														-1.124944	-5.807016	7.865667	0.997738	-0.067186	-0.002378	0.067168	0.997716	-0.007185	0.002855	0.007009	0.999971						
04322														-1.126121	-5.828667	7.854672	0.997729	-0.067314	-0.002232	0.067295	0.997706	-0.007392	0.002725	0.007225	0.999970						
04323														-1.098936	-5.825024	7.800158	0.997713	-0.067562	-0.002172	0.067544	0.997687	-0.007590	0.002680	0.007426	0.999969						
04324														-1.098765	-5.847773	7.803009	0.997700	-0.067744	-0.002138	0.067726	0.997675	-0.007612	0.002649	0.007449	0.999969						
04325														-1.109725	-5.886346	7.813758	0.997700	-0.067751	-0.002090	0.067734	0.997676	-0.007353	0.002583	0.007194	0.999971						
04326														-1.121055	-5.840058	7.815073	0.997688	-0.067935	-0.002016	0.067920	0.997667	-0.006822	0.002475	0.006669	0.999975						
04327														-1.148930	-5.648265	7.857805	0.997663	-0.068305	-0.001841	0.068291	0.997645	-0.006408	0.002275	0.006268	0.999978						
04328														-1.100387	-5.796563	7.875184	0.997644	-0.068584	-0.001529	0.068573	0.997624	-0.006602	0.001978	0.006482	0.999977						
04329														-1.066848	-5.813723	7.803427	0.997630	-0.068792	-0.001464	0.068780	0.997609	-0.006795	0.001928	0.006679	0.999976						
04330														-1.044547	-5.750946	7.798942	0.997612	-0.069046	-0.001602	0.069034	0.997591	-0.006864	0.002072	0.006737	0.999975						
04331														-1.109792	-5.723025	7.893103	0.997591	-0.069348	-0.001867	0.069332	0.997565	-0.007508	0.002383	0.007360	0.999970						
04332														-0.379357	-6.781705	7.181288	0.997562	-0.069766	-0.001411	0.069752	0.997529	-0.008430	0.001995	0.008311	0.999963						
04333														-0.075913	-8.416988	6.049219	0.997534	-0.070175	-0.001493	0.070157	0.997487	-0.009843	0.002180	0.009714	0.999950						
04334														-1.116859	-5.928231	7.681704	0.997517	-0.070384	-0.002362	0.070355	0.997465	-0.010703	0.003109	0.010511	0.999940						
04335														-1.501588	-5.019477	8.364900	0.997499	-0.070599	-0.003378	0.070557	0.997444	-0.011298	0.004167	0.011031	0.999930						
04336														-1.214880	-5.744940	7.832520	0.997470	-0.070978	-0.004034	0.070926	0.997410	-0.011975	0.004874	0.011659	0.999920						
04337														-1.063947	-6.085658	7.772420	0.997416	-0.071692	-0.004568	0.071622	0.997333	-0.014028	0.005562	0.013665	0.999891						
04338														-1.120093	-6.276003	7.619443	0.997333	-0.072821	-0.004822	0.072725	0.997194	-0.017733	0.006100	0.017335	0.999831						
04339														-0.758905	-6.997062	7.125404	0.997265	-0.073794	-0.004231	0.073683	0.997036	-0.022116	0.005850	0.021744	0.999746						
04340														-0.547121	-6.989822	7.090126	0.997204	-0.074633	-0.003716	0.074506	0.996857	-0.026934	0.005714	0.026582	0.999630						
04341														-1.005530	-6.542746	7.372550	0.997147	-0.075416	-0.003267	0.075271	0.996637	-0.032375	0.005698	0.032037	0.999470						
04342														-1.241375	-6.123654	7.622826	0.997068	-0.076494	-0.002175	0.076357	0.996357	-0.037972	0.005072	0.037695	0.999276						
04343														-1.364756	-5.881958	7.626904	0.996971	-0.077768	-0.000534	0.077676	0.996077	-0.042397	0.003829	0.042227	0.999101						
04344														-1.308872	-5.905458	7.607752	0.996852	-0.079260	0.001792	0.079259	0.995803	-0.045772	0.001843	0.045770	0.998950						
04345														-0.861079	-6.268893	7.558143	0.996739	-0.080581	0.004222	0.080692	0.995530	-0.049075	-0.000249	0.049256	0.998786						
04346														-0.634293	-6.410395	7.396423	0.996667	-0.081398	0.005410	0.081570	0.995293	-0.052329	-0.001125	0.052596	0.998615						
04347														-0.838268	-6.202712	7.488528	0.996629	-0.081846	0.005558	0.082028	0.995110	-0.055027	-0.001027	0.055297	0.998469						
04348														-1.185639	-6.068853	7.542378	0.996590	-0.082318	0.005602	0.082504	0.994953	-0.057119	-0.000872	0.057386	0.998352						
04349														-1.162663	-6.224670	7.530615	0.996548	-0.082774	0.006336	0.083004	0.994793	-0.059141	-0.001408	0.059462	0.998230						
04350														-0.892888	-6.389065	7.509096	0.996504	-0.083248	0.007064	0.083525	0.994606	-0.061502	-0.001906	0.061877	0.998082						
04351														-0.849198	-6.201522	7.474329	0.996489	-0.083434	0.007011	0.083712	0.994449	-0.063751	-0.001653	0.064114	0.997941						
04352														-0.922626	-6.242985	7.486684	0.996511	-0.083234	0.006196	0.083461	0.994341	-0.065724	-0.000691	0.066011	0.997819						
04353														-0.648427	-7.348189	6.618044	0.996513	-0.083242	0.005624	0.083432	0.994217	-0.067613	0.000037	0.067847	0.997696						
04354														-0.267332	-7.540993	6.303569	0.996518	-0.083203	0.005327	0.083373	0.994140	-0.068809	0.000429	0.069013	0.997616						
04355														-0.546232	-6.920646	6.729858	0.996557	-0.082800	0.004336	0.082903	0.994221	-0.068202	0.001336	0.068326	0.997662						
04356														-0.716138	-6.900577	6.715255	0.996626	-0.082022	0.003062	0.082047	0.994498	-0.065135	0.002297	0.065166	0.997872						
04357														-1.051878	-6.173097	7.343955	0.996694	-0.081243	0.001152	0.081166	0.994906	-0.059776	0.003710	0.059672	0.998211						
04358														-1.423996	-6.147279	7.623624	0.996741	-0.080664	-0.000475	0.080525	0.995340	-0.053043	0.004752	0.052832	0.998592						
04359														-1.179892	-6.299423	7.753082	0.996770	-0.080295	-0.001524	0.080134	0.995667	-0.047174	0.005305	0.046900	0.998886						
04360														-1.000873	-6.194589	8.004385	0.996765	-0.080333	-0.002458	0.080147	0.995806	-0.044118	0.005992	0.043778	0.999023						
04361														-1.431699	-5.589604	8.306599	0.996750	-0.080507	-0.002983	0.080295	0.995777	-0.044518	0.006554	0.044134	0.999004						
04362														-1.486042	-5.572583	8.090331	0.996730	-0.080768	-0.002531	0.080559	0.995632	-0.047200	0.006332	0.046842	0.998882						
04363														-1.126482	-6.144490	7.683448	0.996702	-0.081138	-0.001282	0.080962	0.995364	-0.051920	0.005488	0.051645	0.998650						
04364														-0.861453	-6.333486	7.484239	0.996688	-0.081317	-0.000202	0.081170	0.995028	-0.057711	0.004894	0.057504	0.998333						
04365														-1.129782	-6.268014	7.399684	0.996686	-0.081339	0.000981	0.081237	0.994672	-0.063467	0.004186	0.063336	0.997983						
04366														-1.320419	-6.148694	7.334261	0.996668	-0.081507	0.002963	0.081521	0.994368	-0.067719	0.002574	0.067735	0.997700						
04367														-1.043500	-6.422046	7.140358	0.996636	-0.081757	0.005684	0.081955	0.994159	-0.070220	0.000090	0.070449	0.997515						
04368														-0.950634	-6.446843	7.259545	0.996600	-0.081919	0.008808	0.082341	0.994012	-0.071834	-0.002871	0.072315	0.997378						
04369														-0.486425	-7.090289	7.015900	0.996547	-0.082155	0.012050	0.082825	0.993813	-0.073998	-0.005896	0.074741	0.997186						
04370														-0.344891	-7.400065	6.900395	0.996512	-0.082243	0.014163	0.083102	0.993486	-0.077966	-0.007659	0.078872	0.996855						
04371														-1.075831	-6.910060	7.648576	0.996492	-0.082089	0.016283	0.083179	0.992932	-0.084665	-0.009218	0.085723	0.996276						
04372														-1.851002	-6.504543	8.371486	0.996385	-0.082229	0.021349	0.083934	0.991665	-0.097752	-0.013133	0.099191	0.994982						
04373														-2.307162	-5.321419	9.662018	0.995882	-0.085220	0.030943	0.088405	0.988472	-0.122914	-0.020112	0.125143	0.991935						
04374														-2.131783	-4.976435	10.948448	0.994789	-0.091661	0.044653	0.097849	0.981353	-0.165443	-0.028656	0.168950	0.985208						
04375														-1.383542	-6.057773	10.890053	0.993157	-0.098569	0.062629	0.110379	0.967442	-0.227754	-0.038141	0.233108	0.971703						
04376														-1.079546	-7.184946	9.661397	0.990985	-0.105560	0.082501	0.126198	0.942231	-0.310280	-0.044981	0.317895	0.947058						
04377														-2.347939	-7.958141	9.535036	0.987804	-0.115905	0.103964	0.148488	0.902140	-0.405086	-0.046839	0.415583	0.908349						
04378														-4.179939	-8.997056	9.720223	0.982714	-0.119847	0.141104	0.175227	0.848096	-0.500029	-0.059743	0.516110	0.854436						
04379														-5.076703	-9.393081	7.755379	0.975123	-0.109713	0.192609	0.203175	0.789802	-0.578733	-0.088629	0.603469	0.792445						
04380														-0.451894	-11.915678	12.076362	0.968933	-0.094566	0.228530	0.219604	0.753993	-0.619087	-0.113766	0.650040	0.751336						
04381														-6.058556	-0.866301	9.346332	0.970145	-0.097733	0.221961	0.216168	0.763391	-0.608692	-0.109954	0.638500	0.761727						
04382														-1.490083	0.257832	6.895588	0.972701	-0.096050	0.211252	0.206049	0.776246	-0.595807	-0.106756	0.623070	0.774846						
04383														-2.594870	-0.295771	7.315677	0.977256	-0.097753	0.188190	0.190033	0.797541	-0.572552	-0.094120	0.595292	0.797978						
04384														-1.746646	-1.237135	6.809102	0.983409	-0.093414	0.155503	0.164159	0.823052	-0.543726	-0.077196	0.560232	0.824731						
04385														-1.508184	-4.885682	7.786378	0.989903	-0.085721	0.112886	0.131559	0.852077	-0.506613	-0.052760	0.516349	0.854752						
04386														-0.497782	-8.584362	7.619659	0.994388	-0.081890	0.066980	0.103370	0.886832	-0.450382	-0.022518	0.454778	0.890320						
04387														0.444065	-10.198878	6.052898	0.996766	-0.077183	0.022350	0.079911	0.922997	-0.376419	0.008424	0.376988	0.926180						
04388														1.513737	-10.919382	5.612159	0.997436	-0.070142	-0.014186	0.062796	0.952949	-0.296555	0.034319	0.294904	0.954911						
04389														1.944233	-12.136655	5.513114	0.996798	-0.067465	-0.042916	0.056688	0.974803	-0.215743	0.056390	0.212620	0.975507						
04390														1.997265	-13.891894	4.442098	0.995545	-0.068159	-0.065155	0.058742	0.988844	-0.136884	0.073759	0.132447	0.988442						
04391														1.893623	-14.094035	3.001884	0.993596	-0.073671	-0.085672	0.068281	0.995596	-0.064235	0.090027	0.057973	0.994251						
04392														1.540008	-14.100529	1.902615	0.991238	-0.082366	-0.103259	0.082290	0.996596	-0.005001	0.103319	-0.003540	0.994642						
04393														0.810937	-15.146888	-0.189735	0.988185	-0.096448	-0.119117	0.101796	0.994015	0.039646	0.114580	-0.051303	0.992088						
04394														-4.603521	-16.505244	-4.386920	0.986563	-0.113589	-0.117435	0.120991	0.990961	0.057935	0.109793	-0.071365	0.991389						
04395														1.478827	-22.146966	-4.732126	0.990844	-0.119585	-0.062674	0.122236	0.991682	0.040323	0.057331	-0.047615	0.997219						
04396														6.735374	-7.315257	12.325099	0.992706	-0.118235	-0.023559	0.119003	0.992299	0.034374	0.019314	-0.036927	0.999131						
04397														-0.236671	-3.280586	11.546179	0.992322	-0.122243	-0.018825	0.122632	0.992228	0.021097	0.016100	-0.023243	0.999600						
04398														-1.249069	-7.148890	9.029707	0.992359	-0.122932	-0.010569	0.122992	0.992394	0.005236	0.009845	-0.006495	0.999930						
04399														-0.526757	-8.146131	6.713172	0.992294	-0.123404	-0.011117	0.123369	0.992353	-0.003830	0.011505	0.002429	0.999931						
04400														-1.395936	-6.889790	7.382901	0.992230	-0.123760	-0.012754	0.123631	0.992273	-0.010473	0.013951	0.008815	0.999864						
04401														-2.429549	-5.396886	8.306982	0.992200	-0.124109	-0.011678	0.123922	0.992170	-0.015584	0.013521	0.014015	0.999810						
04402														-1.598792	-5.967228	7.925767	0.992200	-0.124351	-0.008711	0.124161	0.992066	-0.019725	0.011095	0.018490	0.999767						
04403														-1.041704	-6.662135	7.381270	0.992221	-0.124375	-0.005293	0.124219	0.991976	-0.023503	0.008174	0.022662	0.999710						
04404														-1.047240	-6.018617	7.990067	0.992211	-0.124548	-0.002198	0.124437	0.991829	-0.028100	0.005680	0.027608	0.999603						
04405														-1.418882	-5.477074	8.243596	0.992177	-0.124840	0.000647	0.124792	0.991622	-0.033365	0.003524	0.033184	0.999443						
04406														-1.028687	-6.250905	7.687369	0.992149	-0.125015	0.003475	0.125055	0.991384	-0.038965	0.001426	0.039094	0.999235						
04407														-0.737385	-6.519008	7.429458	0.992129	-0.125072	0.006161	0.125223	0.991113	-0.044887	-0.000492	0.045306	0.998973						
04408														-0.931954	-6.097558	7.658405	0.992118	-0.125027	0.008385	0.125292	0.990825	-0.050664	-0.001974	0.051315	0.998681						
04409														-1.038998	-6.190078	7.491935	0.992051	-0.125458	0.009801	0.125811	0.990491	-0.055677	-0.002723	0.056467	0.998401						
04410														-1.103318	-6.202326	7.457177	0.991953	-0.126121	0.011077	0.126559	0.990173	-0.059499	-0.003464	0.060422	0.998167						
04411														-0.906961	-6.437725	7.318991	0.991819	-0.127051	0.012355	0.127577	0.989869	-0.062313	-0.004313	0.063379	0.997980						
04412														-0.601881	-6.394806	7.431268	0.991705	-0.127885	0.012923	0.128456	0.989617	-0.064471	-0.004543	0.065596	0.997836						
04413														-1.008623	-6.156876	7.580490	0.991601	-0.128711	0.012701	0.129273	0.989391	-0.066281	-0.004035	0.067366	0.997720						
04414														-0.903926	-6.308311	7.521181	0.991479	-0.129664	0.012507	0.130219	0.989122	-0.068416	-0.003500	0.069461	0.997579						
04415														-1.075510	-6.212985	7.533709	0.991349	-0.130654	0.012557	0.131219	0.988794	-0.071195	-0.003114	0.072227	0.997383						
04416														-0.995306	-6.149945	7.605459	0.991212	-0.131660	0.012856	0.132254	0.988417	-0.074438	-0.002907	0.075484	0.997143						
04417														-0.853872	-6.492303	7.383816	0.991049	-0.132816	0.013504	0.133468	0.987954	-0.078311	-0.002941	0.079412	0.996838						
04418														-0.859598	-6.436155	7.347543	0.990984	-0.133246	0.014027	0.133952	0.987557	-0.082390	-0.002874	0.083526	0.996501						
04419														-1.083138	-6.337329	7.355527	0.990897	-0.133773	0.015103	0.134581	0.987132	-0.086366	-0.003355	0.087612	0.996149						
04420														-1.053710	-6.343352	7.389592	0.990768	-0.134493	0.017032	0.135489	0.986618	-0.090703	-0.004605	0.092173	0.995732						
04421														-0.751772	-6.403514	7.460584	0.990619	-0.135358	0.018768	0.136540	0.985998	-0.095735	-0.005547	0.097399	0.995230						
04422														-0.662930	-6.753240	7.354754	0.990518	-0.136023	0.019286	0.137288	0.985274	-0.101918	-0.005139	0.103599	0.994606						
04423														-0.590997	-6.681330	7.893851	0.990532	-0.136130	0.017729	0.137257	0.984416	-0.109936	-0.002487	0.111328	0.993781						
04424														-1.633833	-5.963092	9.123627	0.990768	-0.134603	0.016141	0.135564	0.982867	-0.124877	0.000944	0.125912	0.992041						
04425														-2.528250	-5.072680	9.942494	0.990343	-0.137653	0.016511	0.138551	0.978398	-0.153428	0.004965	0.154234	0.988022						
04426														-1.755292	-5.697331	10.835880	0.989365	-0.144175	0.019249	0.145101	0.969068	-0.199630	0.010128	0.200300	0.979682						
04427														-2.180672	-5.899375	10.577663	0.988226	-0.150386	0.028167	0.152392	0.951059	-0.268818	0.013638	0.269945	0.962779						
04428														-1.220482	-7.643587	10.012245	0.986786	-0.156833	0.040702	0.160958	0.919996	-0.357351	0.018599	0.359180	0.933083						
04429														-3.433619	-9.204584	9.016728	0.984756	-0.164066	0.057779	0.172349	0.875461	-0.451514	0.023494	0.454589	0.890391						
04430														-6.208769	-10.160279	8.573104	0.983095	-0.157279	0.093742	0.183000	0.827406	-0.530952	0.005945	0.539131	0.842201						
04431														-1.832826	-9.795952	12.233075	0.981224	-0.139381	0.133310	0.191206	0.793562	-0.577667	-0.025275	0.592310	0.805313						
04432														-4.791280	-2.044249	10.164427	0.978390	-0.143396	0.148965	0.203618	0.793457	-0.573555	-0.035952	0.591493	0.805508						
04433														-3.436043	-1.237482	7.620495	0.976144	-0.143533	0.162915	0.211538	0.797796	-0.564600	-0.048934	0.585594	0.809126						
04434														-3.213932	-1.605425	7.615497	0.976908	-0.144575	0.157316	0.207942	0.812533	-0.544565	-0.049094	0.564703	0.823833						
04435														-1.868229	-1.960495	7.142582	0.979377	-0.145281	0.140406	0.197508	0.834810	-0.513889	-0.042554	0.531022	0.846289						
04436														-1.278629	-3.148542	7.681579	0.981360	-0.151932	0.117679	0.189896	0.860684	-0.472401	-0.029512	0.485943	0.873492						
04437														-0.778012	-4.381827	8.066643	0.982647	-0.161208	0.091747	0.184988	0.887993	-0.421009	-0.013600	0.430675	0.902405						
04438														-1.095635	-6.106208	8.103412	0.983693	-0.168419	0.063114	0.179829	0.914914	-0.361379	0.003119	0.366835	0.930281						
04439														-1.392787	-7.725207	7.294951	0.986623	-0.160179	0.030302	0.161876	0.940634	-0.298334	0.019284	0.299248	0.953980						
04440														-0.608954	-9.659863	6.566801	0.991410	-0.130719	-0.004386	0.125929	0.963067	-0.237998	0.035335	0.235401	0.971256						
04441														0.553780	-12.425592	6.673488	0.994775	-0.094529	-0.038553	0.086278	0.980334	-0.177486	0.054572	0.173233	0.983368						
04442														-0.208763	-13.063413	5.744676	0.995531	-0.068197	-0.065325	0.060579	0.991833	-0.112236	0.072446	0.107777	0.991532						
04443														-0.348698	-13.069017	3.697140	0.994982	-0.055386	-0.083324	0.051289	0.997404	-0.050541	0.085907	0.046014	0.995240						
04444														-0.366764	-13.260137	1.915746	0.993165	-0.057426	-0.101612	0.057673	0.998335	-0.000501	0.101472	-0.005363	0.994824						
04445														-0.544567	-13.609157	0.759605	0.989817	-0.072256	-0.122646	0.077009	0.996435	0.034460	0.119719	-0.043554	0.991852						
04446														-1.240918	-13.753169	-0.397240	0.985031	-0.091711	-0.145958	0.100795	0.993325	0.056092	0.139839	-0.069964	0.987699						
04447														-5.103619	-12.874924	-0.990316	0.981052	-0.105903	-0.162242	0.116928	0.991329	0.059960	0.154485	-0.077795	0.984928						
04448														-1.031121	-14.558787	-3.514337	0.987987	-0.105381	-0.113035	0.109264	0.993598	0.028711	0.109286	-0.040717	0.993176						
04449														5.585229	-11.565669	9.273188	0.993874	-0.106634	-0.029038	0.106719	0.994288	0.001405	0.028722	-0.004495	0.999577						
04450														7.992363	-9.717011	13.183497	0.994070	-0.108367	-0.009009	0.108319	0.994100	-0.005632	0.009567	0.004623	0.999944						
04451														-4.444775	-4.966197	9.399695	0.994070	-0.108369	-0.008959	0.108269	0.994061	-0.010956	0.010093	0.009921	0.999900						
04452														-0.099480	-7.726084	6.991862	0.994104	-0.108024	-0.009383	0.107835	0.993992	-0.018732	0.011350	0.017610	0.999781						
04453														0.025799	-7.523783	6.770096	0.994117	-0.107556	-0.012742	0.107225	0.993938	-0.024298	0.015278	0.022789	0.999624						
04454														-2.384463	-6.111710	7.676765	0.994123	-0.107239	-0.014776	0.106804	0.993897	-0.027605	0.017646	0.025865	0.999510						
04455														-1.456056	-5.699802	8.163901	0.994139	-0.106912	-0.016015	0.106394	0.993862	-0.030321	0.019158	0.028440	0.999412						
04456														-1.724913	-6.428016	7.708820	0.994171	-0.106614	-0.016075	0.106050	0.993826	-0.032606	0.019452	0.030711	0.999339						
04457														-1.090380	-6.721203	7.413073	0.994198	-0.106448	-0.015441	0.105869	0.993784	-0.034413	0.019008	0.032579	0.999288						
04458														-1.370347	-6.098663	7.692054	0.994220	-0.106300	-0.015062	0.105717	0.993770	-0.035300	0.018721	0.033503	0.999263						
04459														-1.444621	-5.930607	7.769761	0.994244	-0.106183	-0.014311	0.105623	0.993775	-0.035418	0.017983	0.033703	0.999270						
04460														-1.235340	-6.086173	7.621542	0.994258	-0.106175	-0.013375	0.105651	0.993781	-0.035169	0.017025	0.033554	0.999292						
04461														-1.215949	-6.026780	7.640245	0.994262	-0.106235	-0.012557	0.105752	0.993800	-0.034311	0.016124	0.032786	0.999332						
04462														-1.181943	-6.091912	7.567922	0.994258	-0.106353	-0.011809	0.105915	0.993827	-0.033000	0.015246	0.031559	0.999386						
04463														-1.125061	-5.912074	7.739897	0.994258	-0.106403	-0.011372	0.106004	0.993872	-0.031343	0.014637	0.029957	0.999444						
04464														-0.984852	-5.923765	7.721603	0.994257	-0.106393	-0.011592	0.106013	0.993925	-0.029571	0.014668	0.028172	0.999495						
04465														-0.844926	-6.063387	7.617001	0.994239	-0.106375	-0.013195	0.105976	0.993977	-0.027921	0.016085	0.026362	0.999523						
04466														-1.442592	-5.794642	7.791569	0.994206	-0.106480	-0.014694	0.106073	0.994014	-0.026159	0.017392	0.024449	0.999550						
04467														-1.314743	-5.977138	7.723147	0.994167	-0.106688	-0.015809	0.106284	0.994035	-0.024462	0.018325	0.022639	0.999576						
04468														-1.062256	-6.148596	7.537499	0.994120	-0.106917	-0.017153	0.106516	0.994050	-0.022795	0.019488	0.020834	0.999593						
04469														-1.050206	-5.905034	7.704880	0.994047	-0.107290	-0.018943	0.106882	0.994042	-0.021380	0.021124	0.019228	0.999592						
04470														-1.346126	-5.822442	7.752538	0.993966	-0.107800	-0.020289	0.107388	0.994007	-0.020421	0.022369	0.018119	0.999586						
04471														-1.461990	-5.725577	7.837503	0.993893	-0.108356	-0.020896	0.107948	0.993961	-0.019731	0.022908	0.017354	0.999587						
04472														-1.539971	-5.815079	7.798513	0.993827	-0.109053	-0.020391	0.108663	0.993891	-0.019331	0.022374	0.016996	0.999605						
04473														-1.407130	-5.893667	7.647402	0.993783	-0.109715	-0.018902	0.109349	0.993814	-0.019389	0.020912	0.017201	0.999633						
04474														-1.547762	-5.526891	8.037102	0.993757	-0.110334	-0.016508	0.109984	0.993716	-0.020786	0.018697	0.018841	0.999648						
04475														-1.494836	-5.898735	7.927040	0.993756	-0.110769	-0.013368	0.110435	0.993604	-0.023567	0.015893	0.021944	0.999633						
04476														-1.525381	-6.190794	7.862887	0.993743	-0.111324	-0.009024	0.111043	0.993443	-0.027199	0.011993	0.026027	0.999589						
04477														-2.626667	-4.835262	8.704144	0.993653	-0.112487	-0.001083	0.112384	0.993072	-0.034314	0.004935	0.033975	0.999411						
04478														-2.336254	-3.797313	10.621765	0.993080	-0.116686	0.013289	0.117251	0.991533	-0.055804	-0.006665	0.056976	0.998353						
04479														-1.856762	-5.252795	11.499558	0.991291	-0.129044	0.026256	0.131030	0.986439	-0.098837	-0.013145	0.101416	0.994757						
04480														-0.819711	-5.810248	12.008383	0.989072	-0.141462	0.041547	0.146502	0.974656	-0.169067	-0.016577	0.173306	0.984729						
04481														-1.225574	-5.397504	11.824275	0.986555	-0.152902	0.057700	0.162796	0.950464	-0.264795	-0.014354	0.270629	0.962577						
04482														-3.497121	-7.578455	10.058905	0.982520	-0.169086	0.077879	0.186003	0.908800	-0.373477	-0.007627	0.381435	0.924364						
04483														-8.646204	-9.657825	8.829243	0.976681	-0.175108	0.124224	0.213437	0.854478	-0.473616	-0.023213	0.489086	0.871927						
04484														-2.691851	-6.150081	9.398810	0.969516	-0.152340	0.191913	0.233946	0.808387	-0.540166	-0.072851	0.568597	0.819384						
04485														-0.465067	-5.163387	13.402616	0.964127	-0.174804	0.199755	0.257076	0.802346	-0.538659	-0.066113	0.570688	0.818501						
04486														-6.589497	2.290964	8.718529	0.962241	-0.187427	0.197393	0.264757	0.812866	-0.518800	-0.063217	0.551471	0.831795						
04487														-1.876529	0.142425	8.638130	0.964926	-0.196356	0.174249	0.257841	0.833652	-0.488409	-0.049361	0.516206	0.855041						
04488														-1.051498	-1.425648	8.539637	0.969175	-0.201936	0.141143	0.244268	0.862306	-0.443579	-0.032134	0.464382	0.885052						
04489														0.274327	-3.712822	9.055632	0.971891	-0.209505	0.107402	0.234932	0.892709	-0.384548	-0.015314	0.398971	0.916836						
04490														-0.318947	-6.641760	9.171165	0.973458	-0.215920	0.075878	0.228850	0.922012	-0.312283	-0.002532	0.321360	0.946954						
04491														-1.385219	-9.158724	7.839079	0.976162	-0.212569	0.043852	0.216912	0.948379	-0.231357	0.007591	0.235354	0.971880						
04492														-0.705914	-11.179446	6.496033	0.981464	-0.191518	0.007007	0.190386	0.970176	-0.150036	0.021937	0.148589	0.988656						
04493														1.262535	-12.621975	5.740822	0.985665	-0.165553	-0.032507	0.162809	0.983873	-0.074076	0.044247	0.067721	0.996723						
04494														1.708783	-14.047447	4.805705	0.987629	-0.142763	-0.064866	0.142670	0.989752	-0.006086	0.065070	-0.003244	0.997875						
04495														2.252552	-14.574992	3.463330	0.987865	-0.126374	-0.090290	0.131390	0.989969	0.051944	0.082820	-0.063177	0.994560						
04496														1.258019	-14.505839	1.752624	0.986679	-0.120709	-0.109058	0.131537	0.986431	0.098240	0.095720	-0.111276	0.989169						
04497														0.974176	-13.750642	-0.135711	0.983739	-0.129326	-0.124626	0.145220	0.981053	0.128242	0.105680	-0.144255	0.983881						
04498														-3.013911	-12.952940	-2.714668	0.983120	-0.139984	-0.117808	0.154914	0.979480	0.128919	0.097344	-0.144993	0.984633						
04499														4.096503	-15.747752	-0.950622	0.985925	-0.142577	-0.087316	0.150610	0.984153	0.093595	0.072587	-0.105428	0.991774						
04500														-2.960218	-2.584531	11.065278	0.988474	-0.138515	-0.061099	0.142421	0.987668	0.065020	0.051340	-0.072972	0.996012						
04501														1.349488	-10.534544	13.070589	0.989172	-0.143056	-0.032757	0.144128	0.989005	0.033117	0.027659	-0.037480	0.998915						
04502														-2.154347	-4.473470	9.589896	0.989330	-0.143751	-0.023718	0.144058	0.989499	0.011813	0.021771	-0.015104	0.999649						
04503														1.397809	-10.925389	7.109241	0.989566	-0.143108	-0.016702	0.143156	0.989699	0.001698	0.016287	-0.004072	0.999859						
04504														-1.034280	-6.972992	7.216717	0.989608	-0.142859	-0.016346	0.142830	0.989743	-0.002934	0.016597	0.000568	0.999862						
